2023-08-27 13:33:03.0,0.001977760301619067,2023-08-27 13:33:03.0,0.2,2023-08-27 13:33:03.0,1,2023-08-27 13:33:03.0,100.0,2023-08-27 13:33:03.0,4860,2023-08-27 13:33:03.0,2892.0,2023-08-27 13:33:03.0,498.9416234998316,2023-08-27 13:33:03.0,979.9999999999999,0,2023-08-27 13:33:03.0,0.2
2023-08-27 13:33:09.0,0.002917914093959766,2023-08-27 13:33:09.0,0.7333333333333333,2023-08-27 13:33:09.0,1,2023-08-27 13:33:09.0,100.0,2023-08-27 13:33:09.0,4800,2023-08-27 13:33:09.0,2900.0,2023-08-27 13:33:09.0,499.00156249996144,2023-08-27 13:33:09.0,980.0,1,2023-08-27 13:33:09.0,0.7333333333333333
2023-08-27 13:33:15.0,0.002917914093959766,2023-08-27 13:33:15.0,1.5333333333333332,2023-08-27 13:33:15.0,1,2023-08-27 13:33:15.0,100.0,2023-08-27 13:33:15.0,6180,2023-08-27 13:33:15.0,2912.0,2023-08-27 13:33:15.0,520.8750856521399,2023-08-27 13:33:15.0,980.0,1,2023-08-27 13:33:15.0,1.5333333333333332
2023-08-27 13:33:21.0,0.02113942720675358,2023-08-27 13:33:21.0,2.6,2023-08-27 13:33:21.0,1,2023-08-27 13:33:21.0,100.0,2023-08-27 13:33:21.0,6060,2023-08-27 13:33:21.0,2931.0,2023-08-27 13:33:21.0,497.30890928946656,2023-08-27 13:33:21.0,979.9999999999999,1,2023-08-27 13:33:21.0,2.6
2023-08-27 13:33:28.0,0.030648061446361504,2023-08-27 13:33:28.0,3.5333333333333328,2023-08-27 13:33:28.0,1,2023-08-27 13:33:28.0,100.0,2023-08-27 13:33:28.0,6000,2023-08-27 13:33:28.0,2953.0,2023-08-27 13:33:28.0,488.8914098599889,2023-08-27 13:33:28.0,980.0,1,2023-08-27 13:33:28.0,3.5333333333333328
2023-08-27 13:33:34.0,0.030648061446361504,2023-08-27 13:33:34.0,5.466666666666667,2023-08-27 13:33:34.0,1,2023-08-27 13:33:34.0,100.0,2023-08-27 13:33:34.0,5940,2023-08-27 13:33:34.0,3013.0,2023-08-27 13:33:34.0,488.642557612502,2023-08-27 13:33:34.0,980.0,1,2023-08-27 13:33:34.0,5.466666666666667
2023-08-27 13:33:40.0,0.07249939370756435,2023-08-27 13:33:40.0,6.6,2023-08-27 13:33:40.0,1,2023-08-27 13:33:40.0,100.0,2023-08-27 13:33:40.0,5880,2023-08-27 13:33:40.0,3052.0,2023-08-27 13:33:40.0,481.6118869081613,2023-08-27 13:33:40.0,980.0,1,2023-08-27 13:33:40.0,6.600000000000001
2023-08-27 13:33:46.0,0.11113817706165655,2023-08-27 13:33:46.0,7.533333333333333,2023-08-27 13:33:46.0,1,2023-08-27 13:33:46.0,100.0,2023-08-27 13:33:46.0,5820,2023-08-27 13:33:46.0,3094.0,2023-08-27 13:33:46.0,481.6624016636359,2023-08-27 13:33:46.0,980.0,1,2023-08-27 13:33:46.0,7.533333333333333
2023-08-27 13:33:52.0,0.13906093364972186,2023-08-27 13:33:52.0,8.6,2023-08-27 13:33:52.0,1,2023-08-27 13:33:52.0,100.0,2023-08-27 13:33:52.0,5700,2023-08-27 13:33:52.0,3142.0,2023-08-27 13:33:52.0,475.4616729921821,2023-08-27 13:33:52.0,979.9999999999999,1,2023-08-27 13:33:52.0,8.6
2023-08-27 13:33:58.0,0.13906093364972186,2023-08-27 13:33:58.0,9.466666666666665,2023-08-27 13:33:58.0,1,2023-08-27 13:33:58.0,100.0,2023-08-27 13:33:58.0,5640,2023-08-27 13:33:58.0,3194.0,2023-08-27 13:33:58.0,456.6145682727285,2023-08-27 13:33:58.0,980.0,1,2023-08-27 13:33:58.0,9.466666666666665
2023-08-27 13:34:04.0,0.14269498631771518,2023-08-27 13:34:04.0,11.533333333333333,2023-08-27 13:34:04.0,1,2023-08-27 13:34:04.0,100.0,2023-08-27 13:34:04.0,5580,2023-08-27 13:34:04.0,3315.0,2023-08-27 13:34:04.0,472.21856183625795,2023-08-27 13:34:04.0,980.0,1,2023-08-27 13:34:04.0,11.533333333333331
2023-08-27 13:34:10.0,0.24985170790210112,2023-08-27 13:34:10.0,12.6,2023-08-27 13:34:10.0,1,2023-08-27 13:34:10.0,100.0,2023-08-27 13:34:10.0,5520,2023-08-27 13:34:10.0,3383.0,2023-08-27 13:34:10.0,490.9099629839571,2023-08-27 13:34:10.0,979.9999999999999,1,2023-08-27 13:34:10.0,12.6
2023-08-27 13:34:16.0,0.2541169229251025,2023-08-27 13:34:16.0,13.533333333333331,2023-08-27 13:34:16.0,1,2023-08-27 13:34:16.0,100.0,2023-08-27 13:34:16.0,6900,2023-08-27 13:34:16.0,3456.0,2023-08-27 13:34:16.0,493.12327534975293,2023-08-27 13:34:16.0,980.0,1,2023-08-27 13:34:16.0,13.533333333333331
2023-08-27 13:34:22.0,0.3545099195771019,2023-08-27 13:34:22.0,14.596107704612104,2023-08-27 13:34:22.0,1,2023-08-27 13:34:22.0,100.0,2023-08-27 13:34:22.0,6780,2023-08-27 13:34:22.0,3534.0,2023-08-27 13:34:22.0,478.67405518894054,2023-08-27 13:34:22.0,980.0,1,2023-08-27 13:34:22.0,14.596107704612104
2023-08-27 13:34:28.0,0.3545099195771019,2023-08-27 13:34:28.0,15.533333333333331,2023-08-27 13:34:28.0,1,2023-08-27 13:34:28.0,100.0,2023-08-27 13:34:28.0,6720,2023-08-27 13:34:28.0,3616.0,2023-08-27 13:34:28.0,484.6257620789529,2023-08-27 13:34:28.0,980.0,1,2023-08-27 13:34:28.0,15.533333333333331
2023-08-27 13:34:34.0,0.391373385960793,2023-08-27 13:34:34.0,17.538010136036274,2023-08-27 13:34:34.0,1,2023-08-27 13:34:34.0,100.0,2023-08-27 13:34:34.0,6660,2023-08-27 13:34:34.0,3797.0,2023-08-27 13:34:34.0,481.17090051330956,2023-08-27 13:34:34.0,980.0,1,2023-08-27 13:34:34.0,17.538010136036274
2023-08-27 13:34:40.0,0.4327964334734492,2023-08-27 13:34:40.0,18.6,2023-08-27 13:34:40.0,1,2023-08-27 13:34:40.0,100.0,2023-08-27 13:34:40.0,6600,2023-08-27 13:34:40.0,3895.0,2023-08-27 13:34:40.0,476.4624479321421,2023-08-27 13:34:40.0,979.9999999999999,1,2023-08-27 13:34:40.0,18.6
2023-08-27 13:34:46.0,0.4128082034131079,2023-08-27 13:34:46.0,19.4,2023-08-27 13:34:46.0,1,2023-08-27 13:34:46.0,100.0,2023-08-27 13:34:46.0,6540,2023-08-27 13:34:46.0,3995.0,2023-08-27 13:34:46.0,478.75680712499815,2023-08-27 13:34:46.0,980.0,1,2023-08-27 13:34:46.0,19.4
2023-08-27 13:34:52.0,0.363928587999116,2023-08-27 13:34:52.0,19.866666666666667,2023-08-27 13:34:52.0,1,2023-08-27 13:34:52.0,100.0,2023-08-27 13:34:52.0,6420,2023-08-27 13:34:52.0,4095.0,2023-08-27 13:34:52.0,491.0797761946295,2023-08-27 13:34:52.0,980.0000000000001,1,2023-08-27 13:34:52.0,19.866666666666667
2023-08-27 13:34:58.0,0.5441327082718804,2023-08-27 13:34:58.0,20.0,2023-08-27 13:34:58.0,1,2023-08-27 13:34:58.0,100.0,2023-08-27 13:34:58.0,6360,2023-08-27 13:34:58.0,4195.0,2023-08-27 13:34:58.0,495.5126926354487,2023-08-27 13:34:58.0,980.0,1,2023-08-27 13:34:58.0,20.0
2023-08-27 13:35:04.0,0.595771052631579,2023-08-27 13:35:04.0,20.000000000000004,2023-08-27 13:35:04.0,1,2023-08-27 13:35:04.0,100.0,2023-08-27 13:35:04.0,6300,2023-08-27 13:35:04.0,4395.0,2023-08-27 13:35:04.0,485.2056213177309,2023-08-27 13:35:04.0,980.0,1,2023-08-27 13:35:04.0,20.0
2023-08-27 13:35:10.0,0.6148938541241213,2023-08-27 13:35:10.0,20.0,2023-08-27 13:35:10.0,1,2023-08-27 13:35:10.0,100.0,2023-08-27 13:35:10.0,6240,2023-08-27 13:35:10.0,4495.0,2023-08-27 13:35:10.0,488.8693851133333,2023-08-27 13:35:10.0,980.0000000000001,1,2023-08-27 13:35:10.0,20.0
2023-08-27 13:35:16.0,0.6148938541241213,2023-08-27 13:35:16.0,20.0,2023-08-27 13:35:16.0,1,2023-08-27 13:35:16.0,100.0,2023-08-27 13:35:16.0,7620,2023-08-27 13:35:16.0,4595.0,2023-08-27 13:35:16.0,489.9418209273934,2023-08-27 13:35:16.0,980.0,1,2023-08-27 13:35:16.0,20.0
2023-08-27 13:35:22.0,0.6307109142978364,2023-08-27 13:35:22.0,20.0,2023-08-27 13:35:22.0,1,2023-08-27 13:35:22.0,100.0,2023-08-27 13:35:22.0,7500,2023-08-27 13:35:22.0,4695.0,2023-08-27 13:35:22.0,476.5719597666641,2023-08-27 13:35:22.0,980.0000000000001,1,2023-08-27 13:35:22.0,20.0
2023-08-27 13:35:28.0,0.6504896421221529,2023-08-27 13:35:28.0,20.0,2023-08-27 13:35:28.0,1,2023-08-27 13:35:28.0,100.0,2023-08-27 13:35:28.0,7440,2023-08-27 13:35:28.0,4795.0,2023-08-27 13:35:28.0,463.0641995600005,2023-08-27 13:35:28.0,980.0000000000001,1,2023-08-27 13:35:28.0,20.0
2023-08-27 13:35:34.0,0.5739755615937842,2023-08-27 13:35:34.0,20.0,2023-08-27 13:35:34.0,1,2023-08-27 13:35:34.0,100.0,2023-08-27 13:35:34.0,7380,2023-08-27 13:35:34.0,4995.0,2023-08-27 13:35:34.0,507.6444589833855,2023-08-27 13:35:34.0,986.5551839464882,1,2023-08-27 13:35:34.0,20.0
2023-08-27 13:35:40.0,0.6607250960041515,2023-08-27 13:35:40.0,20.0,2023-08-27 13:35:40.0,1,2023-08-27 13:35:40.0,100.0,2023-08-27 13:35:40.0,7320,2023-08-27 13:35:40.0,5095.0,2023-08-27 13:35:40.0,518.0979891694334,2023-08-27 13:35:40.0,986.5551839464885,1,2023-08-27 13:35:40.0,20.000000000000004
2023-08-27 13:35:46.0,0.5202365871187798,2023-08-27 13:35:46.0,20.0,2023-08-27 13:35:46.0,1,2023-08-27 13:35:46.0,100.0,2023-08-27 13:35:46.0,7260,2023-08-27 13:35:46.0,5195.0,2023-08-27 13:35:46.0,483.70913357524375,2023-08-27 13:35:46.0,980.0,1,2023-08-27 13:35:46.0,20.0
2023-08-27 13:35:52.0,0.6575874359329551,2023-08-27 13:35:52.0,20.866666666666667,2023-08-27 13:35:52.0,1,2023-08-27 13:35:52.0,100.0,2023-08-27 13:35:52.0,7200,2023-08-27 13:35:52.0,5308.0,2023-08-27 13:35:52.0,477.3566161827217,2023-08-27 13:35:52.0,980.0,2,2023-08-27 13:35:52.0,20.866666666666667
2023-08-27 13:35:58.0,0.6575874359329551,2023-08-27 13:35:58.0,32.2,2023-08-27 13:35:58.0,1,2023-08-27 13:35:58.0,97.0729751403368,2023-08-27 13:35:58.0,7200,2023-08-27 13:35:58.0,5578.0,2023-08-27 13:35:58.0,1202.4496719127515,2023-08-27 13:35:58.0,90728.88888888892,2,2023-08-27 13:35:58.0,32.2
2023-08-27 13:36:04.0,0.570157697478559,2023-08-27 13:36:04.0,26.53333333333333,2023-08-27 13:36:04.0,1,2023-08-27 13:36:04.0,92.36932468523464,2023-08-27 13:36:04.0,7200,2023-08-27 13:36:04.0,5706.0,2023-08-27 13:36:04.0,5478.46458933184,2023-08-27 13:36:04.0,97699.57894736841,2,2023-08-27 13:36:04.0,26.53333333333333
2023-08-27 13:36:10.0,0.7588370932451929,2023-08-27 13:36:10.0,16.133333333333333,2023-08-27 13:36:10.0,1,2023-08-27 13:36:10.0,88.45451223967848,2023-08-27 13:36:10.0,7200,2023-08-27 13:36:10.0,5820.0,2023-08-27 13:36:10.0,9070.061527604938,2023-08-27 13:36:10.0,98031.90082644628,1,2023-08-27 13:36:10.0,16.133333333333333
2023-08-27 13:36:16.0,0.42190440040868793,2023-08-27 13:36:16.0,26.21109333333333,2023-08-27 13:36:16.0,2,2023-08-27 13:36:16.0,84.90406244637283,2023-08-27 13:36:16.0,8640,2023-08-27 13:36:16.0,6036.0,2023-08-27 13:36:16.0,8970.386218356865,2023-08-27 13:36:16.0,97879.89556817664,2,2023-08-27 13:36:16.0,26.21397333333333
2023-08-27 13:36:22.0,0.5200300503623404,2023-08-27 13:36:22.0,36.723943333333324,2023-08-27 13:36:22.0,2,2023-08-27 13:36:22.0,80.47871545694451,2023-08-27 13:36:22.0,8640,2023-08-27 13:36:22.0,6275.0,2023-08-27 13:36:22.0,8370.901744606172,2023-08-27 13:36:22.0,97876.87627346306,2,2023-08-27 13:36:22.0,36.72940333333332
2023-08-27 13:36:28.0,0.49241739276785507,2023-08-27 13:36:28.0,36.329166666666666,2023-08-27 13:36:28.0,2,2023-08-27 13:36:28.0,77.99158313031673,2023-08-27 13:36:28.0,8640,2023-08-27 13:36:28.0,6382.0,2023-08-27 13:36:28.0,8034.754423816329,2023-08-27 13:36:28.0,97863.1098223994,2,2023-08-27 13:36:28.0,36.329166666666666
2023-08-27 13:36:34.0,0.6250127674244744,2023-08-27 13:36:34.0,16.539135,2023-08-27 13:36:34.0,2,2023-08-27 13:36:34.0,75.75586490591472,2023-08-27 13:36:34.0,8640,2023-08-27 13:36:34.0,6199.0,2023-08-27 13:36:34.0,9467.73444589743,2023-08-27 13:36:34.0,98009.37499999999,1,2023-08-27 13:36:34.0,16.533225
2023-08-27 13:36:40.0,0.7941133257527526,2023-08-27 13:36:40.0,19.133333333333333,2023-08-27 13:36:40.0,2,2023-08-27 13:36:40.0,71.46574253444936,2023-08-27 13:36:40.0,8640,2023-08-27 13:36:40.0,6396.0,2023-08-27 13:36:40.0,9464.55128341034,2023-08-27 13:36:40.0,97998.59154929579,1,2023-08-27 13:36:40.0,19.133333333333333
2023-08-27 13:36:46.0,0.7012571148415987,2023-08-27 13:36:46.0,26.86813725490196,2023-08-27 13:36:46.0,2,2023-08-27 13:36:46.0,61.2523555042071,2023-08-27 13:36:46.0,8640,2023-08-27 13:36:46.0,7205.0,2023-08-27 13:36:46.0,9805.136294840744,2023-08-27 13:36:46.0,98009.08229654457,2,2023-08-27 13:36:46.0,26.87107843137255
2023-08-27 13:36:52.0,0.8115739369593499,2023-08-27 13:36:52.0,31.680728645729147,2023-08-27 13:36:52.0,1,2023-08-27 13:36:52.0,59.05581114016692,2023-08-27 13:36:52.0,8640,2023-08-27 13:36:52.0,7379.0,2023-08-27 13:36:52.0,9873.836221318727,2023-08-27 13:36:52.0,98014.79732573142,2,2023-08-27 13:36:52.0,31.685199539907984
2023-08-27 13:36:58.0,0.8115739369593499,2023-08-27 13:36:58.0,37.93557363203983,2023-08-27 13:36:58.0,1,2023-08-27 13:36:58.0,55.5750335753365,2023-08-27 13:36:58.0,8640,2023-08-27 13:36:58.0,7594.0,2023-08-27 13:36:58.0,9888.304024804003,2023-08-27 13:36:58.0,98016.74722901429,2,2023-08-27 13:36:58.0,37.93557363203983
2023-08-27 13:37:04.0,0.8286960641110953,2023-08-27 13:37:04.0,32.55238,2023-08-27 13:37:04.0,1,2023-08-27 13:37:04.0,54.247016425922666,2023-08-27 13:37:04.0,8640,2023-08-27 13:37:04.0,6845.0,2023-08-27 13:37:04.0,9448.923886594113,2023-08-27 13:37:04.0,98007.16897887152,2,2023-08-27 13:37:04.0,32.54113
2023-08-27 13:37:10.0,0.8426650393937009,2023-08-27 13:37:10.0,14.174159999999997,2023-08-27 13:37:10.0,1,2023-08-27 13:37:10.0,54.22991364712044,2023-08-27 13:37:10.0,8640,2023-08-27 13:37:10.0,0.0,2023-08-27 13:37:10.0,8180.287294359374,2023-08-27 13:37:10.0,97992.95999999999,1,2023-08-27 13:37:10.0,14.164919999999999
2023-08-27 13:37:16.0,0.7430925928063022,2023-08-27 13:37:16.0,0.0,2023-08-27 13:37:16.0,1,2023-08-27 13:37:16.0,54.202289783441906,2023-08-27 13:37:16.0,10080,2023-08-27 13:37:16.0,0.0,2023-08-27 13:37:16.0,0.0,2023-08-27 13:37:16.0,0.0,0,2023-08-27 13:37:16.0,0.0
2023-08-27 13:37:22.0,0.0,2023-08-27 13:37:22.0,0.0,2023-08-27 13:37:22.0,0,2023-08-27 13:37:22.0,54.186294528962655,2023-08-27 13:37:22.0,10080,2023-08-27 13:37:22.0,0.0,2023-08-27 13:37:22.0,0.0,2023-08-27 13:37:22.0,0.0,0,2023-08-27 13:37:22.0,0.0
2023-08-27 13:37:28.0,0.0,2023-08-27 13:37:28.0,0.0,2023-08-27 13:37:28.0,0,2023-08-27 13:37:28.0,54.16995143240183,2023-08-27 13:37:28.0,10080,2023-08-27 13:37:28.0,0.0,2023-08-27 13:37:28.0,0.0,2023-08-27 13:37:28.0,0.0,0,2023-08-27 13:37:28.0,0.0
2023-08-27 13:37:34.0,0.0,2023-08-27 13:37:34.0,0.0,2023-08-27 13:37:34.0,0,2023-08-27 13:37:34.0,54.20448588317798,2023-08-27 13:37:34.0,10080,2023-08-27 13:37:34.0,0.0,2023-08-27 13:37:34.0,NaN,2023-08-27 13:37:34.0,NaN,0,2023-08-27 13:37:34.0,0.0
2023-08-27 13:37:40.0,0.0,2023-08-27 13:37:40.0,0.0,2023-08-27 13:37:40.0,0,2023-08-27 13:37:40.0,54.20448588317798,2023-08-27 13:37:40.0,10080,2023-08-27 13:37:40.0,0.0,2023-08-27 13:37:40.0,NaN,2023-08-27 13:37:40.0,NaN,0,2023-08-27 13:37:40.0,0.0
2023-08-27 13:37:46.0,0.0,2023-08-27 13:37:46.0,0.0,2023-08-27 13:37:46.0,0,2023-08-27 13:37:46.0,54.20448588317798,2023-08-27 13:37:46.0,10080,2023-08-27 13:37:46.0,0.0,2023-08-27 13:37:46.0,NaN,2023-08-27 13:37:46.0,NaN,0,2023-08-27 13:37:46.0,0.0
2023-08-27 13:37:52.0,0.2267682218996663,2023-08-27 13:37:52.0,5.144953333333334,2023-08-27 13:37:52.0,1,2023-08-27 13:37:52.0,54.22743144212849,2023-08-27 13:37:52.0,10080,2023-08-27 13:37:52.0,82.0,2023-08-27 13:37:52.0,1132.3020013636365,2023-08-27 13:37:52.0,78439.99999999996,1,2023-08-27 13:37:52.0,5.146593333333334
2023-08-27 13:37:58.0,0.30137428880284367,2023-08-27 13:37:58.0,5.125,2023-08-27 13:37:58.0,1,2023-08-27 13:37:58.0,54.36048965196082,2023-08-27 13:37:58.0,10080,2023-08-27 13:37:58.0,82.0,2023-08-27 13:37:58.0,1132.3020013636365,2023-08-27 13:37:58.0,78439.99999999994,1,2023-08-27 13:37:58.0,5.125
2023-08-27 13:38:04.0,0.34932391381605765,2023-08-27 13:38:04.0,0.0,2023-08-27 13:38:04.0,1,2023-08-27 13:38:04.0,54.71384121839507,2023-08-27 13:38:04.0,10080,2023-08-27 13:38:04.0,0.0,2023-08-27 13:38:04.0,NaN,2023-08-27 13:38:04.0,NaN,0,2023-08-27 13:38:04.0,0.0
2023-08-27 13:38:10.0,0.3972575848698595,2023-08-27 13:38:10.0,0.0,2023-08-27 13:38:10.0,1,2023-08-27 13:38:10.0,54.63714805412234,2023-08-27 13:38:10.0,10080,2023-08-27 13:38:10.0,0.0,2023-08-27 13:38:10.0,NaN,2023-08-27 13:38:10.0,NaN,0,2023-08-27 13:38:10.0,0.0
2023-08-27 13:38:16.0,0.27103291583333333,2023-08-27 13:38:16.0,9.218883333333334,2023-08-27 13:38:16.0,2,2023-08-27 13:38:16.0,54.26150229791874,2023-08-27 13:38:16.0,11520,2023-08-27 13:38:16.0,155.0,2023-08-27 13:38:16.0,2301.1329019189193,2023-08-27 13:38:16.0,96546.66666666666,1,2023-08-27 13:38:16.0,9.221466666666666
2023-08-27 13:38:22.0,0.4920301695906024,2023-08-27 13:38:22.0,18.034123333333334,2023-08-27 13:38:22.0,2,2023-08-27 13:38:22.0,53.54252498063802,2023-08-27 13:38:22.0,11520,2023-08-27 13:38:22.0,287.0,2023-08-27 13:38:22.0,3913.9068525934067,2023-08-27 13:38:22.0,97589.72972972972,1,2023-08-27 13:38:22.0,18.03890666666667
2023-08-27 13:38:28.0,0.5710834625975373,2023-08-27 13:38:28.0,22.308276666666668,2023-08-27 13:38:28.0,2,2023-08-27 13:38:28.0,52.859332184392905,2023-08-27 13:38:28.0,11520,2023-08-27 13:38:28.0,337.0,2023-08-27 13:38:28.0,5406.737429202797,2023-08-27 13:38:28.0,97775.55555555555,2,2023-08-27 13:38:28.0,22.31277
2023-08-27 13:38:34.0,0.5578143958978085,2023-08-27 13:38:34.0,13.866666666666665,2023-08-27 13:38:34.0,2,2023-08-27 13:38:34.0,51.44706417347894,2023-08-27 13:38:34.0,11520,2023-08-27 13:38:34.0,495.0,2023-08-27 13:38:34.0,9521.396283340191,2023-08-27 13:38:34.0,98021.24401913874,1,2023-08-27 13:38:34.0,13.866666666666665
2023-08-27 13:38:40.0,0.8026302103141385,2023-08-27 13:38:40.0,15.133333333333331,2023-08-27 13:38:40.0,2,2023-08-27 13:38:40.0,50.180378682296734,2023-08-27 13:38:40.0,11520,2023-08-27 13:38:40.0,564.0,2023-08-27 13:38:40.0,11504.501626779409,2023-08-27 13:38:40.0,98025.48148148147,1,2023-08-27 13:38:40.0,15.133333333333331
2023-08-27 13:38:46.0,0.704529288375453,2023-08-27 13:38:46.0,11.83896,2023-08-27 13:38:46.0,2,2023-08-27 13:38:46.0,49.75424616207009,2023-08-27 13:38:46.0,11520,2023-08-27 13:38:46.0,564.0,2023-08-27 13:38:46.0,11719.005942847614,2023-08-27 13:38:46.0,98021.15384615384,1,2023-08-27 13:38:46.0,11.83491
2023-08-27 13:38:52.0,0.6520177715324847,2023-08-27 13:38:52.0,5.93952,2023-08-27 13:38:52.0,1,2023-08-27 13:38:52.0,49.966473816421754,2023-08-27 13:38:52.0,11520,2023-08-27 13:38:52.0,0.0,2023-08-27 13:38:52.0,11955.958295115042,2023-08-27 13:38:52.0,98039.99999999999,1,2023-08-27 13:38:52.0,5.93538
2023-08-27 13:38:58.0,0.6827603816666665,2023-08-27 13:38:58.0,0.0,2023-08-27 13:38:58.0,1,2023-08-27 13:38:58.0,49.9461188837733,2023-08-27 13:38:58.0,11520,2023-08-27 13:38:58.0,0.0,2023-08-27 13:38:58.0,0.0,2023-08-27 13:38:58.0,0.0,0,2023-08-27 13:38:58.0,0.0
2023-08-27 13:39:04.0,0.9951611176095281,2023-08-27 13:39:04.0,0.0,2023-08-27 13:39:04.0,1,2023-08-27 13:39:04.0,50.03206313335884,2023-08-27 13:39:04.0,11520,2023-08-27 13:39:04.0,0.0,2023-08-27 13:39:04.0,0.0,2023-08-27 13:39:04.0,0.0,0,2023-08-27 13:39:04.0,0.0
2023-08-27 13:39:10.0,0.9958621899966712,2023-08-27 13:39:10.0,0.0,2023-08-27 13:39:10.0,1,2023-08-27 13:39:10.0,50.01194012788488,2023-08-27 13:39:10.0,11520,2023-08-27 13:39:10.0,0.0,2023-08-27 13:39:10.0,0.0,2023-08-27 13:39:10.0,0.0,0,2023-08-27 13:39:10.0,0.0
2023-08-27 13:39:16.0,0.8468364158120244,2023-08-27 13:39:16.0,0.0,2023-08-27 13:39:16.0,1,2023-08-27 13:39:16.0,49.98041266956054,2023-08-27 13:39:16.0,12960,2023-08-27 13:39:16.0,0.0,2023-08-27 13:39:16.0,0.0,2023-08-27 13:39:16.0,0.0,0,2023-08-27 13:39:16.0,0.0
2023-08-27 13:39:22.0,0.0,2023-08-27 13:39:22.0,0.0,2023-08-27 13:39:22.0,0,2023-08-27 13:39:22.0,49.96126153394863,2023-08-27 13:39:22.0,12960,2023-08-27 13:39:22.0,0.0,2023-08-27 13:39:22.0,0.0,2023-08-27 13:39:22.0,0.0,0,2023-08-27 13:39:22.0,0.0
2023-08-27 13:39:28.0,0.0,2023-08-27 13:39:28.0,0.0,2023-08-27 13:39:28.0,0,2023-08-27 13:39:28.0,49.941935398705105,2023-08-27 13:39:28.0,12960,2023-08-27 13:39:28.0,0.0,2023-08-27 13:39:28.0,0.0,2023-08-27 13:39:28.0,0.0,0,2023-08-27 13:39:28.0,0.0
2023-08-27 13:39:34.0,0.0,2023-08-27 13:39:34.0,0.0,2023-08-27 13:39:34.0,0,2023-08-27 13:39:34.0,49.97428733018083,2023-08-27 13:39:34.0,12960,2023-08-27 13:39:34.0,0.0,2023-08-27 13:39:34.0,0.0,2023-08-27 13:39:34.0,0.0,0,2023-08-27 13:39:34.0,0.0
2023-08-27 13:39:40.0,0.0,2023-08-27 13:39:40.0,0.0,2023-08-27 13:39:40.0,0,2023-08-27 13:39:40.0,49.97428733018083,2023-08-27 13:39:40.0,12960,2023-08-27 13:39:40.0,0.0,2023-08-27 13:39:40.0,NaN,2023-08-27 13:39:40.0,NaN,0,2023-08-27 13:39:40.0,0.0
2023-08-27 13:39:46.0,0.0,2023-08-27 13:39:46.0,0.0,2023-08-27 13:39:46.0,0,2023-08-27 13:39:46.0,49.97428733018083,2023-08-27 13:39:46.0,12960,2023-08-27 13:39:46.0,0.0,2023-08-27 13:39:46.0,NaN,2023-08-27 13:39:46.0,NaN,0,2023-08-27 13:39:46.0,0.0
2023-08-27 13:39:52.0,0.29458088204332555,2023-08-27 13:39:52.0,1.5846666666666664,2023-08-27 13:39:52.0,1,2023-08-27 13:39:52.0,50.05547203007139,2023-08-27 13:39:52.0,12960,2023-08-27 13:39:52.0,25.0,2023-08-27 13:39:52.0,639.3447913750001,2023-08-27 13:39:52.0,980.0,1,2023-08-27 13:39:52.0,1.5850833333333334
2023-08-27 13:39:58.0,0.24656908393999571,2023-08-27 13:39:58.0,18.930240000000005,2023-08-27 13:39:58.0,1,2023-08-27 13:39:58.0,49.96835672711084,2023-08-27 13:39:58.0,12960,2023-08-27 13:39:58.0,252.0,2023-08-27 13:39:58.0,2197.2792468421053,2023-08-27 13:39:58.0,95531.19999999997,1,2023-08-27 13:39:58.0,18.93654
2023-08-27 13:40:04.0,0.2859957364349748,2023-08-27 13:40:04.0,18.875,2023-08-27 13:40:04.0,1,2023-08-27 13:40:04.0,49.67916489492556,2023-08-27 13:40:04.0,12960,2023-08-27 13:40:04.0,307.0,2023-08-27 13:40:04.0,4410.223998471663,2023-08-27 13:40:04.0,97285.77215189875,1,2023-08-27 13:40:04.0,18.875
2023-08-27 13:40:10.0,0.5010242788183484,2023-08-27 13:40:10.0,8.50245,2023-08-27 13:40:10.0,1,2023-08-27 13:40:10.0,48.91939723466064,2023-08-27 13:40:10.0,12960,2023-08-27 13:40:10.0,362.0,2023-08-27 13:40:10.0,7215.252192876681,2023-08-27 13:40:10.0,98039.99999999999,1,2023-08-27 13:40:10.0,8.4997
2023-08-27 13:40:16.0,0.31427088025259076,2023-08-27 13:40:16.0,13.27548,2023-08-27 13:40:16.0,2,2023-08-27 13:40:16.0,48.776378678609696,2023-08-27 13:40:16.0,14400,2023-08-27 13:40:16.0,124.0,2023-08-27 13:40:16.0,7373.026926692457,2023-08-27 13:40:16.0,97619.09359083648,1,2023-08-27 13:40:16.0,13.27583
2023-08-27 13:40:22.0,0.4064435464931407,2023-08-27 13:40:22.0,18.212063333333333,2023-08-27 13:40:22.0,2,2023-08-27 13:40:22.0,48.025491142992955,2023-08-27 13:40:22.0,14400,2023-08-27 13:40:22.0,287.0,2023-08-27 13:40:22.0,3579.7664369189188,2023-08-27 13:40:22.0,97314.07407407406,1,2023-08-27 13:40:22.0,18.21684666666667
2023-08-27 13:40:28.0,0.5212947016806673,2023-08-27 13:40:28.0,24.0,2023-08-27 13:40:28.0,2,2023-08-27 13:40:28.0,47.51695178539023,2023-08-27 13:40:28.0,14400,2023-08-27 13:40:28.0,364.0,2023-08-27 13:40:28.0,4800.4476282489395,2023-08-27 13:40:28.0,97917.31729039318,2,2023-08-27 13:40:28.0,24.0
2023-08-27 13:40:34.0,0.63847632130205,2023-08-27 13:40:34.0,12.00704,2023-08-27 13:40:34.0,2,2023-08-27 13:40:34.0,46.64869769257422,2023-08-27 13:40:34.0,14400,2023-08-27 13:40:34.0,433.0,2023-08-27 13:40:34.0,7575.193835562918,2023-08-27 13:40:34.0,98039.99999999999,1,2023-08-27 13:40:34.0,12.00339
2023-08-27 13:40:40.0,0.8209383061433511,2023-08-27 13:40:40.0,16.466666666666665,2023-08-27 13:40:40.0,2,2023-08-27 13:40:40.0,45.311785826034146,2023-08-27 13:40:40.0,14400,2023-08-27 13:40:40.0,611.0,2023-08-27 13:40:40.0,10288.52916464313,2023-08-27 13:40:40.0,98032.68656716416,1,2023-08-27 13:40:40.0,16.466666666666665
2023-08-27 13:40:46.0,0.865692713763424,2023-08-27 13:40:46.0,12.84359,2023-08-27 13:40:46.0,2,2023-08-27 13:40:46.0,45.0379632051867,2023-08-27 13:40:46.0,14400,2023-08-27 13:40:46.0,611.0,2023-08-27 13:40:46.0,11130.98585500001,2023-08-27 13:40:46.0,98028.92655367233,1,2023-08-27 13:40:46.0,12.840029999999999
2023-08-27 13:40:52.0,0.820942621943263,2023-08-27 13:40:52.0,18.266666666666666,2023-08-27 13:40:52.0,1,2023-08-27 13:40:52.0,43.729475503187714,2023-08-27 13:40:52.0,14520,2023-08-27 13:40:52.0,815.0,2023-08-27 13:40:52.0,10595.449593277564,2023-08-27 13:40:52.0,98017.38461538462,1,2023-08-27 13:40:52.0,18.266666666666666
2023-08-27 13:40:58.0,0.7223127004166667,2023-08-27 13:40:58.0,16.4,2023-08-27 13:40:58.0,1,2023-08-27 13:40:58.0,43.06223986493105,2023-08-27 13:40:58.0,14640,2023-08-27 13:40:58.0,910.0,2023-08-27 13:40:58.0,9952.227185732809,2023-08-27 13:40:58.0,98039.99999999999,1,2023-08-27 13:40:58.0,16.4
2023-08-27 13:41:04.0,0.9966877645312648,2023-08-27 13:41:04.0,14.274960000000002,2023-08-27 13:41:04.0,1,2023-08-27 13:41:04.0,42.42918891250735,2023-08-27 13:41:04.0,14760,2023-08-27 13:41:04.0,989.0,2023-08-27 13:41:04.0,10173.300621081855,2023-08-27 13:41:04.0,98039.99999999999,1,2023-08-27 13:41:04.0,14.27061
2023-08-27 13:41:10.0,0.8440284219305595,2023-08-27 13:41:10.0,12.396195,2023-08-27 13:41:10.0,1,2023-08-27 13:41:10.0,41.52863521271953,2023-08-27 13:41:10.0,14880,2023-08-27 13:41:10.0,1071.0,2023-08-27 13:41:10.0,10600.553362209184,2023-08-27 13:41:10.0,98039.99999999999,1,2023-08-27 13:41:10.0,12.391365
2023-08-27 13:41:16.0,0.4715021795096145,2023-08-27 13:41:16.0,28.871006666666663,2023-08-27 13:41:16.0,3,2023-08-27 13:41:16.0,40.883341192618985,2023-08-27 13:41:16.0,16440,2023-08-27 13:41:16.0,1425.0,2023-08-27 13:41:16.0,8964.928513268096,2023-08-27 13:41:16.0,97711.77900971795,2,2023-08-27 13:41:16.0,28.876226666666664
2023-08-27 13:41:22.0,0.26619093732312515,2023-08-27 13:41:22.0,47.602196666666664,2023-08-27 13:41:22.0,2,2023-08-27 13:41:22.0,39.718977603907355,2023-08-27 13:41:22.0,16680,2023-08-27 13:41:22.0,1774.0,2023-08-27 13:41:22.0,6909.131090749007,2023-08-27 13:41:22.0,97643.23825632352,3,2023-08-27 13:41:22.0,47.61121333333333
2023-08-27 13:41:28.0,0.42242454681187935,2023-08-27 13:41:28.0,59.73806666666667,2023-08-27 13:41:28.0,2,2023-08-27 13:41:28.0,38.45573704999497,2023-08-27 13:41:28.0,16800,2023-08-27 13:41:28.0,2095.0,2023-08-27 13:41:28.0,6324.511904690476,2023-08-27 13:41:28.0,97807.21955282822,3,2023-08-27 13:41:28.0,59.7432
2023-08-27 13:41:34.0,0.4386601552843784,2023-08-27 13:41:34.0,34.58981,2023-08-27 13:41:34.0,2,2023-08-27 13:41:34.0,38.030861607406536,2023-08-27 13:41:34.0,16920,2023-08-27 13:41:34.0,392.0,2023-08-27 13:41:34.0,7321.54450560491,2023-08-27 13:41:34.0,98019.3049068772,2,2023-08-27 13:41:34.0,34.576409999999996
2023-08-27 13:41:40.0,0.4727170302578382,2023-08-27 13:41:40.0,3.6699000000000006,2023-08-27 13:41:40.0,2,2023-08-27 13:41:40.0,38.030861607406536,2023-08-27 13:41:40.0,17040,2023-08-27 13:41:40.0,0.0,2023-08-27 13:41:40.0,9101.394766820897,2023-08-27 13:41:40.0,98039.99999999999,1,2023-08-27 13:41:40.0,3.6679500000000003
2023-08-27 13:41:46.0,0.5578958984963905,2023-08-27 13:41:46.0,0.0,2023-08-27 13:41:46.0,2,2023-08-27 13:41:46.0,38.030861607406536,2023-08-27 13:41:46.0,17160,2023-08-27 13:41:46.0,0.0,2023-08-27 13:41:46.0,NaN,2023-08-27 13:41:46.0,NaN,0,2023-08-27 13:41:46.0,0.0
2023-08-27 13:41:52.0,0.6390486948425853,2023-08-27 13:41:52.0,2.941393333333333,2023-08-27 13:41:52.0,3,2023-08-27 13:41:52.0,38.209460450613875,2023-08-27 13:41:52.0,17400,2023-08-27 13:41:52.0,46.0,2023-08-27 13:41:52.0,943.7624376666668,2023-08-27 13:41:52.0,1790.0000000000002,1,2023-08-27 13:41:52.0,2.94216
2023-08-27 13:41:58.0,0.6648710784703019,2023-08-27 13:41:58.0,11.089429999999998,2023-08-27 13:41:58.0,3,2023-08-27 13:41:58.0,38.48513955170598,2023-08-27 13:41:58.0,17520,2023-08-27 13:41:58.0,146.0,2023-08-27 13:41:58.0,1686.9967718961034,2023-08-27 13:41:58.0,92813.33333333333,1,2023-08-27 13:41:58.0,11.09308
2023-08-27 13:42:04.0,0.6325067878428473,2023-08-27 13:42:04.0,19.03896666666667,2023-08-27 13:42:04.0,3,2023-08-27 13:42:04.0,37.67087565936457,2023-08-27 13:42:04.0,17640,2023-08-27 13:42:04.0,356.0,2023-08-27 13:42:04.0,3427.7997297365337,2023-08-27 13:42:04.0,97360.82794307893,1,2023-08-27 13:42:04.0,19.045166666666667
2023-08-27 13:42:10.0,0.8305584934754552,2023-08-27 13:42:10.0,21.0,2023-08-27 13:42:10.0,3,2023-08-27 13:42:10.0,37.302255360909726,2023-08-27 13:42:10.0,17760,2023-08-27 13:42:10.0,461.0,2023-08-27 13:42:10.0,5483.327821447361,2023-08-27 13:42:10.0,97964.19889502763,2,2023-08-27 13:42:10.0,21.0
2023-08-27 13:42:16.0,0.5733191668932247,2023-08-27 13:42:16.0,21.67632,2023-08-27 13:42:16.0,4,2023-08-27 13:42:16.0,37.538543390140035,2023-08-27 13:42:16.0,19320,2023-08-27 13:42:16.0,583.0,2023-08-27 13:42:16.0,5862.817299823716,2023-08-27 13:42:16.0,97309.36258064516,2,2023-08-27 13:42:16.0,21.677586666666667
2023-08-27 13:42:22.0,0.4396370934257824,2023-08-27 13:42:22.0,30.549599999999998,2023-08-27 13:42:22.0,2,2023-08-27 13:42:22.0,36.899070115001955,2023-08-27 13:42:22.0,19560,2023-08-27 13:42:22.0,823.0,2023-08-27 13:42:22.0,7449.481562093626,2023-08-27 13:42:22.0,97360.26643507295,2,2023-08-27 13:42:22.0,30.553266666666666
2023-08-27 13:42:28.0,0.46770972873397354,2023-08-27 13:42:28.0,39.3831,2023-08-27 13:42:28.0,2,2023-08-27 13:42:28.0,36.47813479248639,2023-08-27 13:42:28.0,19680,2023-08-27 13:42:28.0,389.0,2023-08-27 13:42:28.0,7532.35227609852,2023-08-27 13:42:28.0,97804.75527933169,2,2023-08-27 13:42:28.0,39.386125
2023-08-27 13:42:34.0,0.6300626605744548,2023-08-27 13:42:34.0,19.666666666666664,2023-08-27 13:42:34.0,2,2023-08-27 13:42:34.0,35.92834168261215,2023-08-27 13:42:34.0,19800,2023-08-27 13:42:34.0,515.0,2023-08-27 13:42:34.0,6470.017068432947,2023-08-27 13:42:34.0,98031.0502283105,1,2023-08-27 13:42:34.0,19.666666666666664
2023-08-27 13:42:40.0,0.8186638637320653,2023-08-27 13:42:40.0,13.960507682030727,2023-08-27 13:42:40.0,2,2023-08-27 13:42:40.0,30.61972652080442,2023-08-27 13:42:40.0,19920,2023-08-27 13:42:40.0,2149.0,2023-08-27 13:42:40.0,9918.64204254768,2023-08-27 13:42:40.0,98039.99999999999,1,2023-08-27 13:42:40.0,13.96070808283233
2023-08-27 13:42:46.0,0.7654653788842524,2023-08-27 13:42:46.0,18.267017017017015,2023-08-27 13:42:46.0,2,2023-08-27 13:42:46.0,29.660981302526636,2023-08-27 13:42:46.0,20040,2023-08-27 13:42:46.0,2271.0,2023-08-27 13:42:46.0,11083.853953288683,2023-08-27 13:42:46.0,98035.00144329724,1,2023-08-27 13:42:46.0,18.267117117117113
2023-08-27 13:42:52.0,0.8442682890978035,2023-08-27 13:42:52.0,13.190715,2023-08-27 13:42:52.0,2,2023-08-27 13:42:52.0,29.717336737789037,2023-08-27 13:42:52.0,20280,2023-08-27 13:42:52.0,714.0,2023-08-27 13:42:52.0,11620.13700188584,2023-08-27 13:42:52.0,98034.02160336329,1,2023-08-27 13:42:52.0,13.184744999999998
2023-08-27 13:42:58.0,0.9109848409166101,2023-08-27 13:42:58.0,0.0,2023-08-27 13:42:58.0,2,2023-08-27 13:42:58.0,29.850730847893438,2023-08-27 13:42:58.0,20400,2023-08-27 13:42:58.0,0.0,2023-08-27 13:42:58.0,NaN,2023-08-27 13:42:58.0,NaN,0,2023-08-27 13:42:58.0,0.0
2023-08-27 13:43:04.0,0.840178396214512,2023-08-27 13:43:04.0,0.0,2023-08-27 13:43:04.0,2,2023-08-27 13:43:04.0,29.80025817627892,2023-08-27 13:43:04.0,20520,2023-08-27 13:43:04.0,0.0,2023-08-27 13:43:04.0,NaN,2023-08-27 13:43:04.0,NaN,0,2023-08-27 13:43:04.0,0.0
2023-08-27 13:43:10.0,0.9926191014448809,2023-08-27 13:43:10.0,0.0,2023-08-27 13:43:10.0,2,2023-08-27 13:43:10.0,29.747600515776845,2023-08-27 13:43:10.0,20640,2023-08-27 13:43:10.0,0.0,2023-08-27 13:43:10.0,NaN,2023-08-27 13:43:10.0,NaN,0,2023-08-27 13:43:10.0,0.0
2023-08-27 13:43:16.0,0.4273405456093714,2023-08-27 13:43:16.0,10.129896666666667,2023-08-27 13:43:16.0,3,2023-08-27 13:43:16.0,29.810490056263372,2023-08-27 13:43:16.0,22200,2023-08-27 13:43:16.0,165.0,2023-08-27 13:43:16.0,1438.9901412625416,2023-08-27 13:43:16.0,88427.70374157732,1,2023-08-27 13:43:16.0,10.132646666666666
2023-08-27 13:43:22.0,0.25510497403206456,2023-08-27 13:43:22.0,32.831876666666666,2023-08-27 13:43:22.0,2,2023-08-27 13:43:22.0,29.444278485886503,2023-08-27 13:43:22.0,22440,2023-08-27 13:43:22.0,480.0,2023-08-27 13:43:22.0,3094.5864686231653,2023-08-27 13:43:22.0,97086.85595979194,2,2023-08-27 13:43:22.0,32.841593333333336
2023-08-27 13:43:28.0,0.37164591809570957,2023-08-27 13:43:28.0,41.41450666666667,2023-08-27 13:43:28.0,2,2023-08-27 13:43:28.0,29.051030783828953,2023-08-27 13:43:28.0,22560,2023-08-27 13:43:28.0,706.0,2023-08-27 13:43:28.0,5195.04108026911,2023-08-27 13:43:28.0,97766.46935380742,3,2023-08-27 13:43:28.0,41.42504000000001
2023-08-27 13:43:34.0,0.3736552722910024,2023-08-27 13:43:34.0,22.89353,2023-08-27 13:43:34.0,2,2023-08-27 13:43:34.0,28.7343116169048,2023-08-27 13:43:34.0,22680,2023-08-27 13:43:34.0,509.0,2023-08-27 13:43:34.0,7390.9066580980525,2023-08-27 13:43:34.0,98013.37467503689,2,2023-08-27 13:43:34.0,22.89238
2023-08-27 13:43:40.0,0.5154671483330099,2023-08-27 13:43:40.0,17.93333333333333,2023-08-27 13:43:40.0,2,2023-08-27 13:43:40.0,28.447853112927458,2023-08-27 13:43:40.0,22800,2023-08-27 13:43:40.0,586.0,2023-08-27 13:43:40.0,9966.182704833336,2023-08-27 13:43:40.0,98016.38554216866,1,2023-08-27 13:43:40.0,17.93333333333333
2023-08-27 13:43:46.0,0.6580580803012499,2023-08-27 13:43:46.0,17.066666666666666,2023-08-27 13:43:46.0,2,2023-08-27 13:43:46.0,28.150791115272945,2023-08-27 13:43:46.0,23040,2023-08-27 13:43:46.0,665.0,2023-08-27 13:43:46.0,10501.826996312253,2023-08-27 13:43:46.0,98024.38247011953,1,2023-08-27 13:43:46.0,17.066666666666666
2023-08-27 13:43:52.0,0.7782798318663428,2023-08-27 13:43:52.0,17.4,2023-08-27 13:43:52.0,2,2023-08-27 13:43:52.0,27.86123832502792,2023-08-27 13:43:52.0,23160,2023-08-27 13:43:52.0,760.0,2023-08-27 13:43:52.0,9825.653921945453,2023-08-27 13:43:52.0,98039.99999999999,1,2023-08-27 13:43:52.0,17.4
2023-08-27 13:43:58.0,0.8034343352687504,2023-08-27 13:43:58.0,14.438469999999999,2023-08-27 13:43:58.0,2,2023-08-27 13:43:58.0,27.58519394284425,2023-08-27 13:43:58.0,23280,2023-08-27 13:43:58.0,843.0,2023-08-27 13:43:58.0,10566.98792446745,2023-08-27 13:43:58.0,98039.99999999999,1,2023-08-27 13:43:58.0,14.43313
2023-08-27 13:44:04.0,0.7376440863043863,2023-08-27 13:44:04.0,8.47762,2023-08-27 13:44:04.0,2,2023-08-27 13:44:04.0,27.717153710312687,2023-08-27 13:44:04.0,23400,2023-08-27 13:44:04.0,0.0,2023-08-27 13:44:04.0,11149.445375229869,2023-08-27 13:44:04.0,98040.0,1,2023-08-27 13:44:04.0,8.47264
2023-08-27 13:44:10.0,0.6633440597545512,2023-08-27 13:44:10.0,3.763933333333333,2023-08-27 13:44:10.0,3,2023-08-27 13:44:10.0,27.771502433108974,2023-08-27 13:44:10.0,23520,2023-08-27 13:44:10.0,65.0,2023-08-27 13:44:10.0,1264.7914689166669,2023-08-27 13:44:10.0,76479.99999999999,1,2023-08-27 13:44:10.0,3.7654500000000004
2023-08-27 13:44:16.0,0.5011890085850662,2023-08-27 13:44:16.0,13.572046666666667,2023-08-27 13:44:16.0,3,2023-08-27 13:44:16.0,27.623898101087846,2023-08-27 13:44:16.0,25200,2023-08-27 13:44:16.0,215.0,2023-08-27 13:44:16.0,2818.8505104103624,2023-08-27 13:44:16.0,97228.27440080051,1,2023-08-27 13:44:16.0,13.577066666666665
2023-08-27 13:44:22.0,0.5186583635030589,2023-08-27 13:44:22.0,29.136506666666666,2023-08-27 13:44:22.0,3,2023-08-27 13:44:22.0,27.311970804074154,2023-08-27 13:44:22.0,25320,2023-08-27 13:44:22.0,451.0,2023-08-27 13:44:22.0,4163.744780587087,2023-08-27 13:44:22.0,97715.29914797674,2,2023-08-27 13:44:22.0,29.144023333333337
2023-08-27 13:44:28.0,0.537297676652956,2023-08-27 13:44:28.0,41.09226,2023-08-27 13:44:28.0,3,2023-08-27 13:44:28.0,27.081690576237673,2023-08-27 13:44:28.0,25440,2023-08-27 13:44:28.0,644.0,2023-08-27 13:44:28.0,5393.8095727114105,2023-08-27 13:44:28.0,97960.13524037611,3,2023-08-27 13:44:28.0,41.096940000000004
2023-08-27 13:44:34.0,0.5698182132591987,2023-08-27 13:44:34.0,33.659035,2023-08-27 13:44:34.0,3,2023-08-27 13:44:34.0,26.553995581885996,2023-08-27 13:44:34.0,25560,2023-08-27 13:44:34.0,869.0,2023-08-27 13:44:34.0,7486.486689289882,2023-08-27 13:44:34.0,98026.94333135421,2,2023-08-27 13:44:34.0,33.646495
2023-08-27 13:44:40.0,0.6788463721971549,2023-08-27 13:44:40.0,26.58988,2023-08-27 13:44:40.0,2,2023-08-27 13:44:40.0,26.272020816215854,2023-08-27 13:44:40.0,25680,2023-08-27 13:44:40.0,543.0,2023-08-27 13:44:40.0,9717.023826245864,2023-08-27 13:44:40.0,98039.99999999999,2,2023-08-27 13:44:41.0,26.58453
2023-08-27 13:44:47.0,0.7538340492528035,2023-08-27 13:44:47.0,14.2,2023-08-27 13:44:47.0,2,2023-08-27 13:44:47.0,25.996657196692084,2023-08-27 13:44:47.0,25920,2023-08-27 13:44:47.0,637.0,2023-08-27 13:44:47.0,11668.358429227486,2023-08-27 13:44:47.0,98039.99999999999,1,2023-08-27 13:44:47.0,14.2
2023-08-27 13:44:53.0,0.7254942560378976,2023-08-27 13:44:53.0,7.853999999999999,2023-08-27 13:44:53.0,2,2023-08-27 13:44:53.0,25.90232684376868,2023-08-27 13:44:53.0,26040,2023-08-27 13:44:53.0,637.0,2023-08-27 13:44:53.0,11316.728163879701,2023-08-27 13:44:53.0,98039.99999999999,1,2023-08-27 13:44:53.0,7.851000000000001
2023-08-27 13:44:59.0,0.845361098118012,2023-08-27 13:44:59.0,0.0,2023-08-27 13:44:59.0,2,2023-08-27 13:44:59.0,26.02588812430874,2023-08-27 13:44:59.0,26160,2023-08-27 13:44:59.0,0.0,2023-08-27 13:44:59.0,0.0,2023-08-27 13:44:59.0,0.0,0,2023-08-27 13:44:59.0,0.0
2023-08-27 13:45:05.0,0.9947803609284132,2023-08-27 13:45:05.0,0.0,2023-08-27 13:45:05.0,2,2023-08-27 13:45:05.0,26.017295203779376,2023-08-27 13:45:05.0,26280,2023-08-27 13:45:05.0,0.0,2023-08-27 13:45:05.0,NaN,2023-08-27 13:45:05.0,NaN,0,2023-08-27 13:45:05.0,0.0
2023-08-27 13:45:11.0,0.9957814539294865,2023-08-27 13:45:11.0,0.0,2023-08-27 13:45:11.0,2,2023-08-27 13:45:11.0,26.003163340358142,2023-08-27 13:45:11.0,26400,2023-08-27 13:45:11.0,0.0,2023-08-27 13:45:11.0,NaN,2023-08-27 13:45:11.0,NaN,0,2023-08-27 13:45:11.0,0.0
2023-08-27 13:45:17.0,0.4756762407230484,2023-08-27 13:45:17.0,6.457679999999999,2023-08-27 13:45:17.0,2,2023-08-27 13:45:17.0,26.081190497697946,2023-08-27 13:45:17.0,28080,2023-08-27 13:45:17.0,108.0,2023-08-27 13:45:17.0,1687.0575541612905,2023-08-27 13:45:17.0,94476.36363636365,1,2023-08-27 13:45:17.0,6.459480000000001
2023-08-27 13:45:23.0,0.5618550965569803,2023-08-27 13:45:23.0,13.7667,2023-08-27 13:45:23.0,2,2023-08-27 13:45:23.0,26.020354536903362,2023-08-27 13:45:23.0,28200,2023-08-27 13:45:23.0,218.0,2023-08-27 13:45:23.0,2979.5100768780476,2023-08-27 13:45:23.0,97275.93220338984,1,2023-08-27 13:45:23.0,13.770333333333332
2023-08-27 13:45:29.0,0.6971353293489106,2023-08-27 13:45:29.0,21.54924,2023-08-27 13:45:29.0,2,2023-08-27 13:45:29.0,25.93786415195996,2023-08-27 13:45:29.0,28320,2023-08-27 13:45:29.0,324.0,2023-08-27 13:45:29.0,4398.450751796872,2023-08-27 13:45:29.0,97587.69230769233,2,2023-08-27 13:45:29.0,21.55572
2023-08-27 13:45:35.0,0.3296530662562552,2023-08-27 13:45:35.0,18.380139999999997,2023-08-27 13:45:35.0,2,2023-08-27 13:45:35.0,25.840791416371612,2023-08-27 13:45:35.0,28440,2023-08-27 13:45:35.0,465.0,2023-08-27 13:45:35.0,6614.36814355383,2023-08-27 13:45:35.0,97779.60509186046,1,2023-08-27 13:45:35.0,18.377423333333336
2023-08-27 13:45:41.0,0.4126889238587095,2023-08-27 13:45:41.0,29.229239999999997,2023-08-27 13:45:41.0,2,2023-08-27 13:45:41.0,25.377548177878072,2023-08-27 13:45:41.0,28560,2023-08-27 13:45:41.0,781.0,2023-08-27 13:45:41.0,8807.50901592275,2023-08-27 13:45:41.0,97801.42868462973,2,2023-08-27 13:45:41.0,29.232386666666667
2023-08-27 13:45:47.0,0.39053568604166666,2023-08-27 13:45:47.0,34.184529999999995,2023-08-27 13:45:47.0,2,2023-08-27 13:45:47.0,25.153922797451756,2023-08-27 13:45:47.0,28800,2023-08-27 13:45:47.0,890.0,2023-08-27 13:45:47.0,8258.630861321397,2023-08-27 13:45:47.0,97816.00613472388,2,2023-08-27 13:45:47.0,34.186205
2023-08-27 13:45:53.0,0.5126587968941052,2023-08-27 13:45:53.0,32.813531727497164,2023-08-27 13:45:53.0,2,2023-08-27 13:45:53.0,24.573292796823672,2023-08-27 13:45:53.0,29040,2023-08-27 13:45:53.0,1103.0,2023-08-27 13:45:53.0,9877.708338190077,2023-08-27 13:45:53.0,98023.0786241799,2,2023-08-27 13:45:53.0,32.813531727497164
2023-08-27 13:45:59.0,0.6960852787201415,2023-08-27 13:45:59.0,21.24691666666667,2023-08-27 13:45:59.0,2,2023-08-27 13:45:59.0,24.312120865269254,2023-08-27 13:45:59.0,29280,2023-08-27 13:45:59.0,1218.0,2023-08-27 13:45:59.0,11740.930625525138,2023-08-27 13:45:59.0,98027.03962290808,2,2023-08-27 13:45:59.0,21.242416666666664
2023-08-27 13:46:05.0,0.6606310507350348,2023-08-27 13:46:05.0,8.649725,2023-08-27 13:46:05.0,2,2023-08-27 13:46:05.0,24.204473180636857,2023-08-27 13:46:05.0,29520,2023-08-27 13:46:05.0,523.0,2023-08-27 13:46:05.0,11609.942891550805,2023-08-27 13:46:05.0,98039.99999999999,1,2023-08-27 13:46:05.0,8.646275
2023-08-27 13:46:11.0,0.8484846115774838,2023-08-27 13:46:11.0,4.336319999999999,2023-08-27 13:46:11.0,2,2023-08-27 13:46:11.0,24.22703974706651,2023-08-27 13:46:11.0,29760,2023-08-27 13:46:11.0,0.0,2023-08-27 13:46:11.0,11790.447734490006,2023-08-27 13:46:11.0,98039.99999999999,1,2023-08-27 13:46:11.0,4.333920000000001
2023-08-27 13:46:17.0,0.3306962410705555,2023-08-27 13:46:17.0,9.152721666666666,2023-08-27 13:46:17.0,4,2023-08-27 13:46:17.0,24.892362454618898,2023-08-27 13:46:17.0,31680,2023-08-27 13:46:17.0,151.0,2023-08-27 13:46:17.0,823.9811753516785,2023-08-27 13:46:17.0,47259.51332685883,1,2023-08-27 13:46:17.0,9.155363333333334
2023-08-27 13:46:23.0,0.36136167598358976,2023-08-27 13:46:23.0,25.566543333333335,2023-08-27 13:46:23.0,4,2023-08-27 13:46:23.0,25.97535050622938,2023-08-27 13:46:23.0,31920,2023-08-27 13:46:23.0,402.0,2023-08-27 13:46:23.0,1057.995529637168,2023-08-27 13:46:23.0,81494.09804886054,2,2023-08-27 13:46:23.0,25.57324333333333
2023-08-27 13:46:29.0,0.42469294692094917,2023-08-27 13:46:29.0,45.53044333333333,2023-08-27 13:46:29.0,5,2023-08-27 13:46:29.0,26.856710292101454,2023-08-27 13:46:29.0,32160,2023-08-27 13:46:29.0,828.0,2023-08-27 13:46:29.0,1602.4956265949443,2023-08-27 13:46:29.0,92500.72875728604,3,2023-08-27 13:46:29.0,45.54145666666666
2023-08-27 13:46:35.0,0.49197633803411756,2023-08-27 13:46:35.0,47.33886999999999,2023-08-27 13:46:35.0,5,2023-08-27 13:46:35.0,27.97116410461672,2023-08-27 13:46:35.0,32400,2023-08-27 13:46:35.0,1128.0,2023-08-27 13:46:35.0,1917.3190935542843,2023-08-27 13:46:35.0,93589.93049119553,3,2023-08-27 13:46:35.0,47.34042
2023-08-27 13:46:41.0,0.5073190724571779,2023-08-27 13:46:41.0,49.50677999999999,2023-08-27 13:46:41.0,4,2023-08-27 13:46:41.0,29.666400486189225,2023-08-27 13:46:41.0,32640,2023-08-27 13:46:41.0,1420.0,2023-08-27 13:46:41.0,1626.0503561527778,2023-08-27 13:46:41.0,91102.66470952274,3,2023-08-27 13:46:41.0,49.50959666666667
2023-08-27 13:46:47.0,0.5773786964718128,2023-08-27 13:46:47.0,56.533333333333324,2023-08-27 13:46:47.0,4,2023-08-27 13:46:47.0,31.483116648598752,2023-08-27 13:46:47.0,33120,2023-08-27 13:46:47.0,1733.0,2023-08-27 13:46:47.0,1076.9109391393351,2023-08-27 13:46:47.0,82397.58280069726,3,2023-08-27 13:46:47.0,56.533333333333324
2023-08-27 13:46:53.0,0.5694171729932682,2023-08-27 13:46:53.0,59.733333333333334,2023-08-27 13:46:53.0,4,2023-08-27 13:46:53.0,33.0481367683216,2023-08-27 13:46:53.0,33360,2023-08-27 13:46:53.0,2024.0,2023-08-27 13:46:53.0,542.8764573866675,2023-08-27 13:46:53.0,1326.9230769230744,3,2023-08-27 13:46:53.0,59.733333333333334
2023-08-27 13:46:59.0,0.5707786918885612,2023-08-27 13:46:59.0,60.66666666666666,2023-08-27 13:46:59.0,4,2023-08-27 13:46:59.0,33.174528524407606,2023-08-27 13:46:59.0,33600,2023-08-27 13:46:59.0,4041.0,2023-08-27 13:46:59.0,2047.995329870678,2023-08-27 13:46:59.0,86298.2804854716,4,2023-08-27 13:46:59.0,60.66666666666666
2023-08-27 13:47:05.0,0.5401520860373012,2023-08-27 13:47:05.0,58.99999999999999,2023-08-27 13:47:05.0,4,2023-08-27 13:47:05.0,34.41898212488187,2023-08-27 13:47:05.0,33840,2023-08-27 13:47:05.0,4382.0,2023-08-27 13:47:05.0,2160.145901182068,2023-08-27 13:47:05.0,87886.25675085516,3,2023-08-27 13:47:05.0,58.99999999999999
2023-08-27 13:47:11.0,0.6360926077256591,2023-08-27 13:47:11.0,58.39999999999999,2023-08-27 13:47:11.0,4,2023-08-27 13:47:11.0,35.61292137689564,2023-08-27 13:47:11.0,34080,2023-08-27 13:47:11.0,3198.0,2023-08-27 13:47:11.0,2061.9371131777175,2023-08-27 13:47:11.0,87148.36736851484,3,2023-08-27 13:47:11.0,58.39999999999999
2023-08-27 13:47:17.0,0.4917872487564882,2023-08-27 13:47:17.0,55.02070666666666,2023-08-27 13:47:17.0,5,2023-08-27 13:47:17.0,36.84821043910409,2023-08-27 13:47:17.0,36000,2023-08-27 13:47:17.0,3466.0,2023-08-27 13:47:17.0,960.1990457364092,2023-08-27 13:47:17.0,63701.6829719281,3,2023-08-27 13:47:17.0,55.021356666666655
2023-08-27 13:47:23.0,0.4570967902662847,2023-08-27 13:47:23.0,54.59852,2023-08-27 13:47:23.0,5,2023-08-27 13:47:23.0,38.070175705507715,2023-08-27 13:47:23.0,36240,2023-08-27 13:47:23.0,3732.0,2023-08-27 13:47:23.0,493.67825623188713,2023-08-27 13:47:23.0,981.1888817717736,3,2023-08-27 13:47:23.0,54.60003666666667
2023-08-27 13:47:29.0,0.4906533813653972,2023-08-27 13:47:29.0,55.73821,2023-08-27 13:47:29.0,5,2023-08-27 13:47:29.0,39.87638472976086,2023-08-27 13:47:29.0,36480,2023-08-27 13:47:29.0,4253.0,2023-08-27 13:47:29.0,482.9326451178886,2023-08-27 13:47:29.0,980.0,3,2023-08-27 13:47:29.0,55.74102666666666
2023-08-27 13:47:35.0,0.37492100784916027,2023-08-27 13:47:35.0,56.8511950393176,2023-08-27 13:47:35.0,6,2023-08-27 13:47:35.0,40.94228879957471,2023-08-27 13:47:35.0,36720,2023-08-27 13:47:35.0,4587.0,2023-08-27 13:47:35.0,478.143101384828,2023-08-27 13:47:35.0,979.9999999999999,3,2023-08-27 13:47:35.0,56.8515550393176
2023-08-27 13:47:41.0,0.42028994580976564,2023-08-27 13:47:41.0,56.68777999999999,2023-08-27 13:47:41.0,6,2023-08-27 13:47:41.0,41.9268088909453,2023-08-27 13:47:41.0,36960,2023-08-27 13:47:41.0,4872.0,2023-08-27 13:47:41.0,478.50686054509356,2023-08-27 13:47:41.0,980.0,3,2023-08-27 13:47:41.0,56.688896666666665
2023-08-27 13:47:47.0,0.3892251995101449,2023-08-27 13:47:47.0,59.244,2023-08-27 13:47:47.0,6,2023-08-27 13:47:47.0,43.05731152808923,2023-08-27 13:47:47.0,37440,2023-08-27 13:47:47.0,5200.0,2023-08-27 13:47:47.0,485.3156301413915,2023-08-27 13:47:47.0,980.0,3,2023-08-27 13:47:47.0,59.246399999999994
2023-08-27 13:47:53.0,0.34722536533644,2023-08-27 13:47:53.0,61.33688141923436,2023-08-27 13:47:53.0,6,2023-08-27 13:47:53.0,44.3465653327757,2023-08-27 13:47:53.0,37680,2023-08-27 13:47:53.0,5556.0,2023-08-27 13:47:53.0,487.87769181132546,2023-08-27 13:47:53.0,980.0,4,2023-08-27 13:47:53.0,62.07021475256769
2023-08-27 13:47:59.0,0.3387276686493709,2023-08-27 13:47:59.0,61.13333333333334,2023-08-27 13:47:59.0,6,2023-08-27 13:47:59.0,45.73175767432476,2023-08-27 13:47:59.0,37920,2023-08-27 13:47:59.0,6055.0,2023-08-27 13:47:59.0,480.06396772410056,2023-08-27 13:47:59.0,980.0,4,2023-08-27 13:47:59.0,61.13333333333334
2023-08-27 13:48:05.0,0.34186914166942745,2023-08-27 13:48:05.0,60.599999999999994,2023-08-27 13:48:05.0,6,2023-08-27 13:48:05.0,46.63090298088095,2023-08-27 13:48:05.0,38160,2023-08-27 13:48:05.0,6420.0,2023-08-27 13:48:05.0,478.487440170787,2023-08-27 13:48:05.0,980.0,4,2023-08-27 13:48:05.0,60.599999999999994
2023-08-27 13:48:11.0,0.3304898411729253,2023-08-27 13:48:11.0,64.0,2023-08-27 13:48:11.0,6,2023-08-27 13:48:11.0,47.63246054973453,2023-08-27 13:48:11.0,38400,2023-08-27 13:48:11.0,6762.0,2023-08-27 13:48:11.0,480.1242888941312,2023-08-27 13:48:11.0,980.0,4,2023-08-27 13:48:11.0,64.0
2023-08-27 13:48:17.0,0.32573388190058505,2023-08-27 13:48:17.0,66.86666666666666,2023-08-27 13:48:17.0,6,2023-08-27 13:48:17.0,48.59269160839666,2023-08-27 13:48:17.0,40320,2023-08-27 13:48:17.0,7099.0,2023-08-27 13:48:17.0,482.7096258562891,2023-08-27 13:48:17.0,980.0,4,2023-08-27 13:48:17.0,66.86666666666666
2023-08-27 13:48:23.0,0.334440810993896,2023-08-27 13:48:23.0,66.59999999999998,2023-08-27 13:48:23.0,6,2023-08-27 13:48:23.0,49.670650726686816,2023-08-27 13:48:23.0,40920,2023-08-27 13:48:23.0,7531.0,2023-08-27 13:48:23.0,482.9090838513391,2023-08-27 13:48:23.0,980.0000000000001,4,2023-08-27 13:48:23.0,66.59999999999998
2023-08-27 13:48:29.0,0.3129666673480328,2023-08-27 13:48:29.0,62.86666666666666,2023-08-27 13:48:29.0,6,2023-08-27 13:48:29.0,50.86711387249846,2023-08-27 13:48:29.0,41520,2023-08-27 13:48:29.0,7985.0,2023-08-27 13:48:29.0,482.4880025185188,2023-08-27 13:48:29.0,980.0,4,2023-08-27 13:48:29.0,62.86666666666666
2023-08-27 13:48:35.0,0.32204791383118353,2023-08-27 13:48:35.0,63.39999999999999,2023-08-27 13:48:35.0,6,2023-08-27 13:48:35.0,51.69300758661204,2023-08-27 13:48:35.0,42120,2023-08-27 13:48:35.0,8384.0,2023-08-27 13:48:35.0,489.45570705268784,2023-08-27 13:48:35.0,980.0,4,2023-08-27 13:48:35.0,63.39999999999999
2023-08-27 13:48:41.0,0.31624024839332265,2023-08-27 13:48:41.0,66.13333333333334,2023-08-27 13:48:41.0,6,2023-08-27 13:48:41.0,52.4932205491748,2023-08-27 13:48:41.0,42720,2023-08-27 13:48:41.0,8717.0,2023-08-27 13:48:41.0,485.4372058138835,2023-08-27 13:48:41.0,980.0,4,2023-08-27 13:48:41.0,66.13333333333334
2023-08-27 13:48:47.0,0.3078223620872556,2023-08-27 13:48:47.0,68.51052833333334,2023-08-27 13:48:47.0,12,2023-08-27 13:48:47.0,53.32925975287661,2023-08-27 13:48:47.0,43920,2023-08-27 13:48:47.0,9063.0,2023-08-27 13:48:47.0,489.2253382183932,2023-08-27 13:48:47.0,980.0000000000001,4,2023-08-27 13:48:47.0,68.51441333333334
2023-08-27 13:48:53.0,0.32667813494106834,2023-08-27 13:48:53.0,64.96793666666666,2023-08-27 13:48:53.0,12,2023-08-27 13:48:53.0,54.31495343658952,2023-08-27 13:48:53.0,44520,2023-08-27 13:48:53.0,9524.0,2023-08-27 13:48:53.0,488.9323703537148,2023-08-27 13:48:53.0,980.0,4,2023-08-27 13:48:53.0,64.97479666666666
2023-08-27 13:48:59.0,0.3242678554840628,2023-08-27 13:48:59.0,60.284650000000006,2023-08-27 13:48:59.0,12,2023-08-27 13:48:59.0,55.22444306055292,2023-08-27 13:48:59.0,45120,2023-08-27 13:48:59.0,9899.0,2023-08-27 13:48:59.0,488.04275094813266,2023-08-27 13:48:59.0,980.0,3,2023-08-27 13:48:59.0,60.29552333333333
2023-08-27 13:49:05.0,0.3093424183024734,2023-08-27 13:49:05.0,60.99999999999999,2023-08-27 13:49:05.0,12,2023-08-27 13:49:05.0,55.83847943712864,2023-08-27 13:49:05.0,45720,2023-08-27 13:49:05.0,10248.0,2023-08-27 13:49:05.0,483.5451621232577,2023-08-27 13:49:05.0,980.0,4,2023-08-27 13:49:05.0,60.99999999999999
2023-08-27 13:49:11.0,0.31268410434583693,2023-08-27 13:49:11.0,62.066666666666656,2023-08-27 13:49:11.0,12,2023-08-27 13:49:11.0,56.5710123230313,2023-08-27 13:49:11.0,46320,2023-08-27 13:49:11.0,10645.0,2023-08-27 13:49:11.0,479.04786150378357,2023-08-27 13:49:11.0,980.0,4,2023-08-27 13:49:11.0,62.066666666666656
2023-08-27 13:49:17.0,0.3097642498782184,2023-08-27 13:49:17.0,64.93333333333334,2023-08-27 13:49:17.0,12,2023-08-27 13:49:17.0,57.22963353961714,2023-08-27 13:49:17.0,48960,2023-08-27 13:49:17.0,10966.0,2023-08-27 13:49:17.0,474.404945074766,2023-08-27 13:49:17.0,980.0,4,2023-08-27 13:49:17.0,64.93333333333334
2023-08-27 13:49:23.0,0.23841820438858502,2023-08-27 13:49:23.0,70.3324801137626,2023-08-27 13:49:23.0,12,2023-08-27 13:49:23.0,58.101515917770854,2023-08-27 13:49:23.0,49560,2023-08-27 13:49:23.0,11508.0,2023-08-27 13:49:23.0,477.2926633660709,2023-08-27 13:49:23.0,980.0,4,2023-08-27 13:49:23.0,70.3324801137626
2023-08-27 13:49:29.0,0.1987450357375108,2023-08-27 13:49:29.0,71.2,2023-08-27 13:49:29.0,12,2023-08-27 13:49:29.0,58.960632194794414,2023-08-27 13:49:29.0,50160,2023-08-27 13:49:29.0,11937.0,2023-08-27 13:49:29.0,480.4566076258186,2023-08-27 13:49:29.0,979.9999999999999,4,2023-08-27 13:49:29.0,71.2
2023-08-27 13:49:35.0,0.18573343005944823,2023-08-27 13:49:35.0,66.88075320748705,2023-08-27 13:49:35.0,12,2023-08-27 13:49:35.0,59.495435789699854,2023-08-27 13:49:35.0,50760,2023-08-27 13:49:35.0,12293.0,2023-08-27 13:49:35.0,482.40034712203055,2023-08-27 13:49:35.0,980.0,4,2023-08-27 13:49:35.0,66.88075320748705
2023-08-27 13:49:41.0,0.19979307931091897,2023-08-27 13:49:41.0,64.33333333333333,2023-08-27 13:49:41.0,12,2023-08-27 13:49:41.0,60.08882864529191,2023-08-27 13:49:41.0,51360,2023-08-27 13:49:41.0,12670.0,2023-08-27 13:49:41.0,475.19987414856416,2023-08-27 13:49:41.0,980.0,4,2023-08-27 13:49:41.0,64.33333333333333
2023-08-27 13:49:47.0,0.18372554633503177,2023-08-27 13:49:47.0,65.2,2023-08-27 13:49:47.0,12,2023-08-27 13:49:47.0,60.6634108187029,2023-08-27 13:49:47.0,52560,2023-08-27 13:49:47.0,13007.0,2023-08-27 13:49:47.0,474.0296328158416,2023-08-27 13:49:47.0,980.0,4,2023-08-27 13:49:47.0,65.60000000000001
2023-08-27 13:49:53.0,0.1909128573529611,2023-08-27 13:49:53.0,66.93333333333332,2023-08-27 13:49:53.0,12,2023-08-27 13:49:53.0,61.351316293129564,2023-08-27 13:49:53.0,53160,2023-08-27 13:49:53.0,13507.0,2023-08-27 13:49:53.0,474.9797652857127,2023-08-27 13:49:53.0,980.0000000000001,4,2023-08-27 13:49:53.0,66.93333333333332
2023-08-27 13:49:59.0,0.18450119359885817,2023-08-27 13:49:59.0,67.73333333333333,2023-08-27 13:49:59.0,12,2023-08-27 13:49:59.0,62.016738312117056,2023-08-27 13:49:59.0,53760,2023-08-27 13:49:59.0,13901.0,2023-08-27 13:49:59.0,475.47869178746396,2023-08-27 13:49:59.0,980.0,4,2023-08-27 13:49:59.0,67.73333333333333
2023-08-27 13:50:05.0,0.1725297372952028,2023-08-27 13:50:05.0,68.00228965210624,2023-08-27 13:50:05.0,12,2023-08-27 13:50:05.0,62.53105459369739,2023-08-27 13:50:05.0,54360,2023-08-27 13:50:05.0,14297.0,2023-08-27 13:50:05.0,473.5279576769275,2023-08-27 13:50:05.0,980.0,4,2023-08-27 13:50:05.0,68.00228965210624
2023-08-27 13:50:11.0,0.18423698660720764,2023-08-27 13:50:11.0,66.53333333333333,2023-08-27 13:50:11.0,12,2023-08-27 13:50:11.0,63.03280179906013,2023-08-27 13:50:11.0,54960,2023-08-27 13:50:11.0,14672.0,2023-08-27 13:50:11.0,477.9773345029886,2023-08-27 13:50:11.0,980.0,4,2023-08-27 13:50:11.0,66.53333333333333
2023-08-27 13:50:17.0,0.17535974385272693,2023-08-27 13:50:17.0,62.13333333333334,2023-08-27 13:50:17.0,12,2023-08-27 13:50:17.0,63.47795011487162,2023-08-27 13:50:17.0,57600,2023-08-27 13:50:17.0,14996.0,2023-08-27 13:50:17.0,480.8817192038417,2023-08-27 13:50:17.0,980.0,4,2023-08-27 13:50:17.0,62.13333333333334
2023-08-27 13:50:23.0,0.18481654148631935,2023-08-27 13:50:23.0,59.8,2023-08-27 13:50:23.0,12,2023-08-27 13:50:23.0,64.0379508110418,2023-08-27 13:50:23.0,58200,2023-08-27 13:50:23.0,15424.0,2023-08-27 13:50:23.0,484.47859560157127,2023-08-27 13:50:23.0,980.0,3,2023-08-27 13:50:23.0,59.79999999999999
2023-08-27 13:50:29.0,0.17470059677176553,2023-08-27 13:50:29.0,60.93333333333333,2023-08-27 13:50:29.0,12,2023-08-27 13:50:29.0,64.5558948526419,2023-08-27 13:50:29.0,58800,2023-08-27 13:50:29.0,15793.0,2023-08-27 13:50:29.0,480.7912213227228,2023-08-27 13:50:29.0,980.0,4,2023-08-27 13:50:29.0,60.93333333333333
2023-08-27 13:50:35.0,0.16339432676088206,2023-08-27 13:50:35.0,63.199999999999996,2023-08-27 13:50:35.0,12,2023-08-27 13:50:35.0,64.97747970783755,2023-08-27 13:50:35.0,59400,2023-08-27 13:50:35.0,16188.0,2023-08-27 13:50:35.0,472.3709944720502,2023-08-27 13:50:35.0,980.0,4,2023-08-27 13:50:35.0,63.199999999999996
2023-08-27 13:50:41.0,0.17226977995222206,2023-08-27 13:50:41.0,62.13333333333333,2023-08-27 13:50:41.0,12,2023-08-27 13:50:41.0,65.37680555140486,2023-08-27 13:50:41.0,60000,2023-08-27 13:50:41.0,16510.0,2023-08-27 13:50:41.0,473.6553151251354,2023-08-27 13:50:41.0,980.0,4,2023-08-27 13:50:41.0,62.13333333333333
2023-08-27 13:50:47.0,0.16227421033807932,2023-08-27 13:50:47.0,58.33333333333333,2023-08-27 13:50:47.0,12,2023-08-27 13:50:47.0,65.82212357750139,2023-08-27 13:50:47.0,61200,2023-08-27 13:50:47.0,16832.0,2023-08-27 13:50:47.0,477.8821717375574,2023-08-27 13:50:47.0,980.0,3,2023-08-27 13:50:47.0,58.33333333333333
2023-08-27 13:50:53.0,0.1643612423344621,2023-08-27 13:50:53.0,57.2,2023-08-27 13:50:53.0,12,2023-08-27 13:50:53.0,66.24777221732118,2023-08-27 13:50:53.0,61800,2023-08-27 13:50:53.0,17243.0,2023-08-27 13:50:53.0,481.27363732325654,2023-08-27 13:50:53.0,980.0,3,2023-08-27 13:50:53.0,57.2
2023-08-27 13:50:59.0,0.16059974832489282,2023-08-27 13:50:59.0,60.93333333333333,2023-08-27 13:50:59.0,12,2023-08-27 13:50:59.0,66.6958528989357,2023-08-27 13:50:59.0,62400,2023-08-27 13:50:59.0,17613.0,2023-08-27 13:50:59.0,476.5665402677598,2023-08-27 13:50:59.0,980.0,4,2023-08-27 13:50:59.0,60.93333333333333
2023-08-27 13:51:05.0,0.1583713791085196,2023-08-27 13:51:05.0,65.33333333333334,2023-08-27 13:51:05.0,12,2023-08-27 13:51:05.0,67.08599216624566,2023-08-27 13:51:05.0,63000,2023-08-27 13:51:05.0,18032.0,2023-08-27 13:51:05.0,479.5649030771605,2023-08-27 13:51:05.0,980.0,4,2023-08-27 13:51:05.0,65.33333333333334
2023-08-27 13:51:11.0,0.18374794773488679,2023-08-27 13:51:11.0,65.59732569245462,2023-08-27 13:51:11.0,12,2023-08-27 13:51:11.0,67.44991151670875,2023-08-27 13:51:11.0,63600,2023-08-27 13:51:11.0,18360.0,2023-08-27 13:51:11.0,477.26366479660066,2023-08-27 13:51:11.0,980.0,4,2023-08-27 13:51:11.0,65.59732569245462
2023-08-27 13:51:17.0,0.17375469108313113,2023-08-27 13:51:17.0,63.58302096320251,2023-08-27 13:51:17.0,12,2023-08-27 13:51:17.0,67.90887512609389,2023-08-27 13:51:17.0,66240,2023-08-27 13:51:17.0,18777.0,2023-08-27 13:51:17.0,475.96015160946905,2023-08-27 13:51:17.0,980.0,4,2023-08-27 13:51:17.0,63.58302096320251
2023-08-27 13:51:23.0,0.18864119261431933,2023-08-27 13:51:23.0,64.80264567909468,2023-08-27 13:51:23.0,12,2023-08-27 13:51:23.0,68.34298460393315,2023-08-27 13:51:23.0,66840,2023-08-27 13:51:23.0,19218.0,2023-08-27 13:51:23.0,479.499071068117,2023-08-27 13:51:23.0,980.0,4,2023-08-27 13:51:23.0,64.80264567909468
2023-08-27 13:51:29.0,0.17581476246824507,2023-08-27 13:51:29.0,65.19999999999999,2023-08-27 13:51:29.0,12,2023-08-27 13:51:29.0,68.71708977649884,2023-08-27 13:51:29.0,67440,2023-08-27 13:51:29.0,19588.0,2023-08-27 13:51:29.0,483.61957361514914,2023-08-27 13:51:29.0,980.0,4,2023-08-27 13:51:29.0,65.19999999999999
2023-08-27 13:51:35.0,0.17897393458292138,2023-08-27 13:51:35.0,66.68998000113803,2023-08-27 13:51:35.0,12,2023-08-27 13:51:35.0,69.06892491546837,2023-08-27 13:51:35.0,68040,2023-08-27 13:51:35.0,19972.0,2023-08-27 13:51:35.0,482.07626344558366,2023-08-27 13:51:35.0,980.0000000000001,4,2023-08-27 13:51:35.0,66.68998000113803
2023-08-27 13:51:41.0,0.19554660841761243,2023-08-27 13:51:41.0,62.666666666666664,2023-08-27 13:51:41.0,12,2023-08-27 13:51:41.0,69.38214762523167,2023-08-27 13:51:41.0,68640,2023-08-27 13:51:41.0,20309.0,2023-08-27 13:51:41.0,482.59903133960216,2023-08-27 13:51:41.0,980.0,4,2023-08-27 13:51:41.0,62.666666666666664
2023-08-27 13:51:47.0,0.1795866193656547,2023-08-27 13:51:47.0,60.333333333333336,2023-08-27 13:51:47.0,12,2023-08-27 13:51:47.0,69.74174172319884,2023-08-27 13:51:47.0,69840,2023-08-27 13:51:47.0,20667.0,2023-08-27 13:51:47.0,477.41641023059753,2023-08-27 13:51:47.0,980.0,3,2023-08-27 13:51:47.0,60.333333333333336
2023-08-27 13:51:53.0,0.18245061922015487,2023-08-27 13:51:53.0,58.93333333333333,2023-08-27 13:51:53.0,12,2023-08-27 13:51:53.0,70.10188960935335,2023-08-27 13:51:53.0,70440,2023-08-27 13:51:53.0,21066.0,2023-08-27 13:51:53.0,479.96471338826274,2023-08-27 13:51:53.0,980.0,3,2023-08-27 13:51:53.0,58.93333333333333
2023-08-27 13:51:59.0,0.17115448322638066,2023-08-27 13:51:59.0,59.266666666666666,2023-08-27 13:51:59.0,12,2023-08-27 13:51:59.0,70.4069844962225,2023-08-27 13:51:59.0,71040,2023-08-27 13:51:59.0,21420.0,2023-08-27 13:51:59.0,468.0130809391905,2023-08-27 13:51:59.0,980.0000000000001,3,2023-08-27 13:51:59.0,59.266666666666666
2023-08-27 13:52:05.0,0.15912780913188906,2023-08-27 13:52:05.0,61.46666666666667,2023-08-27 13:52:05.0,12,2023-08-27 13:52:05.0,70.70497970921214,2023-08-27 13:52:05.0,71640,2023-08-27 13:52:05.0,21791.0,2023-08-27 13:52:05.0,474.78670692139787,2023-08-27 13:52:05.0,980.0,4,2023-08-27 13:52:05.0,61.46666666666667
2023-08-27 13:52:11.0,0.16087357522803566,2023-08-27 13:52:11.0,64.13333333333333,2023-08-27 13:52:11.0,12,2023-08-27 13:52:11.0,71.0034458264865,2023-08-27 13:52:11.0,72240,2023-08-27 13:52:11.0,22143.0,2023-08-27 13:52:11.0,477.78281738413295,2023-08-27 13:52:11.0,980.0,4,2023-08-27 13:52:11.0,64.13333333333333
2023-08-27 13:52:17.0,0.15351195050023653,2023-08-27 13:52:17.0,63.13333333333334,2023-08-27 13:52:17.0,12,2023-08-27 13:52:17.0,71.3399977430371,2023-08-27 13:52:17.0,74880,2023-08-27 13:52:17.0,22516.0,2023-08-27 13:52:17.0,478.8183167165419,2023-08-27 13:52:17.0,980.0,4,2023-08-27 13:52:17.0,63.13333333333334
2023-08-27 13:52:23.0,0.15947779131102896,2023-08-27 13:52:23.0,59.133333333333326,2023-08-27 13:52:23.0,12,2023-08-27 13:52:23.0,71.64918113838677,2023-08-27 13:52:23.0,75480,2023-08-27 13:52:23.0,22898.0,2023-08-27 13:52:23.0,473.3355184502786,2023-08-27 13:52:23.0,980.0,3,2023-08-27 13:52:23.0,59.13333333333334
2023-08-27 13:52:29.0,0.15892803834428607,2023-08-27 13:52:29.0,57.466666666666654,2023-08-27 13:52:29.0,12,2023-08-27 13:52:29.0,71.90815214893128,2023-08-27 13:52:29.0,76080,2023-08-27 13:52:29.0,23227.0,2023-08-27 13:52:29.0,472.8325590605371,2023-08-27 13:52:29.0,980.0,3,2023-08-27 13:52:29.0,57.466666666666654
2023-08-27 13:52:35.0,0.14970377051176803,2023-08-27 13:52:35.0,59.466666666666676,2023-08-27 13:52:35.0,12,2023-08-27 13:52:35.0,72.15821041522062,2023-08-27 13:52:35.0,76680,2023-08-27 13:52:35.0,23584.0,2023-08-27 13:52:35.0,477.39338826892754,2023-08-27 13:52:35.0,980.0,3,2023-08-27 13:52:35.0,59.466666666666676
2023-08-27 13:52:41.0,0.15648599510911182,2023-08-27 13:52:41.0,60.733333333333334,2023-08-27 13:52:41.0,12,2023-08-27 13:52:41.0,72.41508915460696,2023-08-27 13:52:41.0,77280,2023-08-27 13:52:41.0,23920.0,2023-08-27 13:52:41.0,484.24482023274015,2023-08-27 13:52:41.0,980.0,4,2023-08-27 13:52:41.0,60.733333333333334
2023-08-27 13:52:47.0,0.1512164147258658,2023-08-27 13:52:47.0,59.93333333333332,2023-08-27 13:52:47.0,12,2023-08-27 13:52:47.0,72.71817214064107,2023-08-27 13:52:47.0,78480,2023-08-27 13:52:47.0,24285.0,2023-08-27 13:52:47.0,487.46489457568947,2023-08-27 13:52:47.0,980.0,3,2023-08-27 13:52:47.0,59.93333333333332
2023-08-27 13:52:53.0,0.14469453782080388,2023-08-27 13:52:53.0,58.93333333333333,2023-08-27 13:52:53.0,12,2023-08-27 13:52:53.0,73.0073277113428,2023-08-27 13:52:53.0,79080,2023-08-27 13:52:53.0,24688.0,2023-08-27 13:52:53.0,486.8823090813542,2023-08-27 13:52:53.0,980.0,3,2023-08-27 13:52:53.0,58.93333333333334
2023-08-27 13:52:59.0,0.13840150337916457,2023-08-27 13:52:59.0,59.73333333333333,2023-08-27 13:52:59.0,12,2023-08-27 13:52:59.0,73.27078638179981,2023-08-27 13:52:59.0,79680,2023-08-27 13:52:59.0,25059.0,2023-08-27 13:52:59.0,481.380555052988,2023-08-27 13:52:59.0,980.0,3,2023-08-27 13:52:59.0,59.73333333333333
2023-08-27 13:53:05.0,0.1444882585333982,2023-08-27 13:53:05.0,60.53333333333333,2023-08-27 13:53:05.0,12,2023-08-27 13:53:05.0,73.51370864130315,2023-08-27 13:53:05.0,80280,2023-08-27 13:53:05.0,25426.0,2023-08-27 13:53:05.0,473.3999322233116,2023-08-27 13:53:05.0,980.0,4,2023-08-27 13:53:05.0,60.53333333333333
2023-08-27 13:53:11.0,0.1548236241375204,2023-08-27 13:53:11.0,61.333333333333336,2023-08-27 13:53:11.0,10,2023-08-27 13:53:11.0,73.71505650216798,2023-08-27 13:53:11.0,81360,2023-08-27 13:53:11.0,23127.0,2023-08-27 13:53:11.0,472.5828189012101,2023-08-27 13:53:11.0,980.0,4,2023-08-27 13:53:11.0,61.333333333333336
2023-08-27 13:53:17.0,0.16003853260285295,2023-08-27 13:53:17.0,59.19999999999999,2023-08-27 13:53:17.0,10,2023-08-27 13:53:17.0,73.993732745006,2023-08-27 13:53:17.0,83280,2023-08-27 13:53:17.0,23496.0,2023-08-27 13:53:17.0,468.14766468473425,2023-08-27 13:53:17.0,980.0,3,2023-08-27 13:53:17.0,59.19999999999999
2023-08-27 13:53:23.0,0.17361671711617607,2023-08-27 13:53:23.0,59.800000000000004,2023-08-27 13:53:23.0,10,2023-08-27 13:53:23.0,74.26177783827448,2023-08-27 13:53:23.0,83760,2023-08-27 13:53:23.0,23927.0,2023-08-27 13:53:23.0,476.05115899886306,2023-08-27 13:53:23.0,980.0,3,2023-08-27 13:53:23.0,59.800000000000004
2023-08-27 13:53:29.0,0.17579589214011815,2023-08-27 13:53:29.0,63.599999999999994,2023-08-27 13:53:29.0,10,2023-08-27 13:53:29.0,74.50242155487963,2023-08-27 13:53:29.0,84240,2023-08-27 13:53:29.0,24298.0,2023-08-27 13:53:29.0,479.10261242781775,2023-08-27 13:53:29.0,980.0000000000001,4,2023-08-27 13:53:29.0,63.599999999999994
2023-08-27 13:53:35.0,0.1629647403764376,2023-08-27 13:53:35.0,62.601493731661776,2023-08-27 13:53:35.0,10,2023-08-27 13:53:35.0,74.72073939920732,2023-08-27 13:53:35.0,84720,2023-08-27 13:53:35.0,24684.0,2023-08-27 13:53:35.0,477.7924321911635,2023-08-27 13:53:35.0,980.0,4,2023-08-27 13:53:35.0,62.601493731661776
2023-08-27 13:53:42.0,0.17199262298694382,2023-08-27 13:53:42.0,62.79999999999999,2023-08-27 13:53:42.0,10,2023-08-27 13:53:42.0,74.94036837606085,2023-08-27 13:53:42.0,85680,2023-08-27 13:53:42.0,24995.0,2023-08-27 13:53:42.0,480.7632498169456,2023-08-27 13:53:42.0,980.0,4,2023-08-27 13:53:42.0,62.79999999999999
2023-08-27 13:53:48.0,0.1786005750877443,2023-08-27 13:53:48.0,64.86666666666667,2023-08-27 13:53:48.0,10,2023-08-27 13:53:48.0,75.21617273552704,2023-08-27 13:53:48.0,86160,2023-08-27 13:53:48.0,25410.0,2023-08-27 13:53:48.0,482.6087432076057,2023-08-27 13:53:48.0,980.0,4,2023-08-27 13:53:48.0,64.86666666666667
2023-08-27 13:53:54.0,0.16608495122268735,2023-08-27 13:53:54.0,69.73333333333332,2023-08-27 13:53:54.0,10,2023-08-27 13:53:54.0,75.51723870118636,2023-08-27 13:53:54.0,86640,2023-08-27 13:53:54.0,25913.0,2023-08-27 13:53:54.0,476.9382935052848,2023-08-27 13:53:54.0,979.9999999999999,4,2023-08-27 13:53:54.0,69.73333333333333
2023-08-27 13:54:00.0,0.1936356958707478,2023-08-27 13:54:00.0,69.06666666666666,2023-08-27 13:54:00.0,10,2023-08-27 13:54:00.0,75.75659128951514,2023-08-27 13:54:00.0,87120,2023-08-27 13:54:00.0,26324.0,2023-08-27 13:54:00.0,473.3547895553445,2023-08-27 13:54:00.0,980.0,4,2023-08-27 13:54:00.0,69.06666666666666
2023-08-27 13:54:06.0,0.17703607156411957,2023-08-27 13:54:06.0,67.53333333333333,2023-08-27 13:54:06.0,10,2023-08-27 13:54:06.0,75.95511138024453,2023-08-27 13:54:06.0,87600,2023-08-27 13:54:06.0,26710.0,2023-08-27 13:54:06.0,475.1257399675849,2023-08-27 13:54:06.0,980.0000000000001,4,2023-08-27 13:54:06.0,67.53333333333333
2023-08-27 13:54:12.0,0.18795107986752146,2023-08-27 13:54:12.0,67.53333333333332,2023-08-27 13:54:12.0,10,2023-08-27 13:54:12.0,76.16518163042475,2023-08-27 13:54:12.0,88560,2023-08-27 13:54:12.0,27062.0,2023-08-27 13:54:12.0,479.0249133937006,2023-08-27 13:54:12.0,979.9999999999999,4,2023-08-27 13:54:12.0,67.53333333333332
2023-08-27 13:54:18.0,0.19201384001706562,2023-08-27 13:54:18.0,71.6,2023-08-27 13:54:18.0,10,2023-08-27 13:54:18.0,76.44912834276123,2023-08-27 13:54:18.0,90480,2023-08-27 13:54:18.0,27517.0,2023-08-27 13:54:18.0,476.81908075955226,2023-08-27 13:54:18.0,980.0,4,2023-08-27 13:54:18.0,71.6
2023-08-27 13:54:24.0,0.1928678911330957,2023-08-27 13:54:24.0,75.13333333333333,2023-08-27 13:54:24.0,10,2023-08-27 13:54:24.0,76.73430254469312,2023-08-27 13:54:24.0,90960,2023-08-27 13:54:24.0,28047.0,2023-08-27 13:54:24.0,473.5430721088516,2023-08-27 13:54:24.0,979.9999999999999,4,2023-08-27 13:54:24.0,75.13333333333333
2023-08-27 13:54:30.0,0.20556828016074044,2023-08-27 13:54:30.0,74.53333333333333,2023-08-27 13:54:30.0,10,2023-08-27 13:54:30.0,76.95250290641407,2023-08-27 13:54:30.0,91440,2023-08-27 13:54:30.0,28471.0,2023-08-27 13:54:30.0,472.9157640044842,2023-08-27 13:54:30.0,980.0,4,2023-08-27 13:54:30.0,74.53333333333333
2023-08-27 13:54:36.0,0.19780335827928458,2023-08-27 13:54:36.0,72.4,2023-08-27 13:54:36.0,10,2023-08-27 13:54:36.0,77.14945975446818,2023-08-27 13:54:36.0,91920,2023-08-27 13:54:36.0,28903.0,2023-08-27 13:54:36.0,473.0169301304793,2023-08-27 13:54:36.0,980.0,4,2023-08-27 13:54:36.0,72.4
2023-08-27 13:54:42.0,0.20514483439482895,2023-08-27 13:54:42.0,73.73333333333332,2023-08-27 13:54:42.0,10,2023-08-27 13:54:42.0,77.354611138339,2023-08-27 13:54:42.0,92880,2023-08-27 13:54:42.0,29277.0,2023-08-27 13:54:42.0,479.25986157653523,2023-08-27 13:54:42.0,980.0,4,2023-08-27 13:54:42.0,73.73333333333332
2023-08-27 13:54:48.0,0.1977434034731672,2023-08-27 13:54:48.0,73.66666666666666,2023-08-27 13:54:48.0,10,2023-08-27 13:54:48.0,77.60904938789878,2023-08-27 13:54:48.0,93360,2023-08-27 13:54:48.0,29710.0,2023-08-27 13:54:48.0,480.4155278099461,2023-08-27 13:54:48.0,980.0,4,2023-08-27 13:54:48.0,74.46666666666665
2023-08-27 13:54:54.0,0.21426076860970275,2023-08-27 13:54:54.0,70.99999999999999,2023-08-27 13:54:54.0,10,2023-08-27 13:54:54.0,77.85278671717167,2023-08-27 13:54:54.0,93840,2023-08-27 13:54:54.0,30228.0,2023-08-27 13:54:54.0,471.0437484925364,2023-08-27 13:54:54.0,980.0,4,2023-08-27 13:54:54.0,70.99999999999999
2023-08-27 13:55:00.0,0.20372288251015988,2023-08-27 13:55:00.0,70.26666666666667,2023-08-27 13:55:00.0,10,2023-08-27 13:55:00.0,78.03456222421768,2023-08-27 13:55:00.0,94320,2023-08-27 13:55:00.0,30648.0,2023-08-27 13:55:00.0,477.10352739413844,2023-08-27 13:55:00.0,980.0,4,2023-08-27 13:55:00.0,70.26666666666667
2023-08-27 13:55:06.0,0.1964250486830024,2023-08-27 13:55:06.0,69.0,2023-08-27 13:55:06.0,10,2023-08-27 13:55:06.0,78.20555340266208,2023-08-27 13:55:06.0,94800,2023-08-27 13:55:06.0,31014.0,2023-08-27 13:55:06.0,480.3160031560687,2023-08-27 13:55:06.0,980.0,4,2023-08-27 13:55:06.0,69.0
2023-08-27 13:55:12.0,0.21568532174614324,2023-08-27 13:55:12.0,68.8,2023-08-27 13:55:12.0,10,2023-08-27 13:55:12.0,78.37871664655587,2023-08-27 13:55:12.0,95760,2023-08-27 13:55:12.0,31366.0,2023-08-27 13:55:12.0,478.9311963808176,2023-08-27 13:55:12.0,980.0,4,2023-08-27 13:55:12.0,68.8
2023-08-27 13:55:18.0,0.2037075686022583,2023-08-27 13:55:18.0,67.99999999999999,2023-08-27 13:55:18.0,10,2023-08-27 13:55:18.0,78.59020681003935,2023-08-27 13:55:18.0,97680,2023-08-27 13:55:18.0,31799.0,2023-08-27 13:55:18.0,482.34225826006326,2023-08-27 13:55:18.0,980.0,4,2023-08-27 13:55:18.0,68.0
2023-08-27 13:55:24.0,0.1916060450610519,2023-08-27 13:55:24.0,66.19999999999999,2023-08-27 13:55:24.0,10,2023-08-27 13:55:24.0,78.80108208240095,2023-08-27 13:55:24.0,98160,2023-08-27 13:55:24.0,32257.0,2023-08-27 13:55:24.0,484.2260690181869,2023-08-27 13:55:24.0,979.9999999999999,4,2023-08-27 13:55:24.0,66.19999999999999
2023-08-27 13:55:30.0,0.20416622198549167,2023-08-27 13:55:30.0,67.66666666666666,2023-08-27 13:55:30.0,10,2023-08-27 13:55:30.0,78.96926295014724,2023-08-27 13:55:30.0,98640,2023-08-27 13:55:30.0,32682.0,2023-08-27 13:55:30.0,482.0423845636199,2023-08-27 13:55:30.0,979.9999999999999,4,2023-08-27 13:55:30.0,67.66666666666666
2023-08-27 13:55:36.0,0.19815011949578715,2023-08-27 13:55:36.0,71.35063789993987,2023-08-27 13:55:36.0,10,2023-08-27 13:55:36.0,79.13718723568954,2023-08-27 13:55:36.0,99120,2023-08-27 13:55:36.0,33086.0,2023-08-27 13:55:36.0,478.0142550248018,2023-08-27 13:55:36.0,980.0,4,2023-08-27 13:55:36.0,71.35063789993987
2023-08-27 13:55:42.0,0.18259959413141566,2023-08-27 13:55:42.0,70.93333333333334,2023-08-27 13:55:42.0,10,2023-08-27 13:55:42.0,79.29764778429251,2023-08-27 13:55:42.0,100080,2023-08-27 13:55:42.0,33437.0,2023-08-27 13:55:42.0,484.99800544245153,2023-08-27 13:55:42.0,979.9999999999999,4,2023-08-27 13:55:42.0,70.93333333333334
2023-08-27 13:55:48.0,0.1875388742540284,2023-08-27 13:55:48.0,72.53333333333333,2023-08-27 13:55:48.0,10,2023-08-27 13:55:48.0,79.50496415463599,2023-08-27 13:55:48.0,100560,2023-08-27 13:55:48.0,33904.0,2023-08-27 13:55:48.0,478.8345302555324,2023-08-27 13:55:48.0,980.0,4,2023-08-27 13:55:48.0,72.53333333333333
2023-08-27 13:55:54.0,0.21586873168539455,2023-08-27 13:55:54.0,72.33333333333333,2023-08-27 13:55:54.0,10,2023-08-27 13:55:54.0,79.73883655893117,2023-08-27 13:55:54.0,101040,2023-08-27 13:55:54.0,34435.0,2023-08-27 13:55:54.0,479.1172394469413,2023-08-27 13:55:54.0,979.9999999999999,4,2023-08-27 13:55:54.0,72.33333333333333
2023-08-27 13:56:00.0,0.2047787462683679,2023-08-27 13:56:00.0,73.6,2023-08-27 13:56:00.0,10,2023-08-27 13:56:00.0,79.90534926819251,2023-08-27 13:56:00.0,101520,2023-08-27 13:56:00.0,34902.0,2023-08-27 13:56:00.0,478.16221680035574,2023-08-27 13:56:00.0,980.0,4,2023-08-27 13:56:00.0,73.6
2023-08-27 13:56:06.0,0.18539610430841894,2023-08-27 13:56:06.0,73.8,2023-08-27 13:56:06.0,10,2023-08-27 13:56:06.0,80.04993916687107,2023-08-27 13:56:06.0,102000,2023-08-27 13:56:06.0,35271.0,2023-08-27 13:56:06.0,480.9537699719694,2023-08-27 13:56:06.0,980.0,4,2023-08-27 13:56:06.0,73.8
2023-08-27 13:56:12.0,0.229774403967173,2023-08-27 13:56:12.0,72.86666666666666,2023-08-27 13:56:12.0,9,2023-08-27 13:56:12.0,80.20074164951535,2023-08-27 13:56:12.0,102900,2023-08-27 13:56:12.0,33274.0,2023-08-27 13:56:12.0,480.19321240366565,2023-08-27 13:56:12.0,980.0,4,2023-08-27 13:56:12.0,72.86666666666666
2023-08-27 13:56:18.0,0.234405830771473,2023-08-27 13:56:18.0,71.8,2023-08-27 13:56:18.0,9,2023-08-27 13:56:18.0,80.38841662868799,2023-08-27 13:56:18.0,104760,2023-08-27 13:56:18.0,33778.0,2023-08-27 13:56:18.0,479.85842412870255,2023-08-27 13:56:18.0,980.0,4,2023-08-27 13:56:18.0,71.8
2023-08-27 13:56:24.0,0.2211044040559396,2023-08-27 13:56:24.0,72.13333333333333,2023-08-27 13:56:24.0,9,2023-08-27 13:56:24.0,80.59413504686925,2023-08-27 13:56:24.0,105180,2023-08-27 13:56:24.0,34275.0,2023-08-27 13:56:24.0,480.3497324227601,2023-08-27 13:56:24.0,980.0,4,2023-08-27 13:56:24.0,72.13333333333333
2023-08-27 13:56:30.0,0.23288637156840358,2023-08-27 13:56:30.0,70.39999999999999,2023-08-27 13:56:30.0,9,2023-08-27 13:56:30.0,80.72806971053171,2023-08-27 13:56:30.0,105600,2023-08-27 13:56:30.0,34682.0,2023-08-27 13:56:30.0,480.47544655576684,2023-08-27 13:56:30.0,980.0,4,2023-08-27 13:56:30.0,70.39999999999999
2023-08-27 13:56:36.0,0.23413378430595744,2023-08-27 13:56:36.0,66.66666666666666,2023-08-27 13:56:36.0,9,2023-08-27 13:56:36.0,80.84184205892349,2023-08-27 13:56:36.0,106020,2023-08-27 13:56:36.0,34988.0,2023-08-27 13:56:36.0,482.61919548588577,2023-08-27 13:56:36.0,980.0000000000001,4,2023-08-27 13:56:36.0,66.66666666666666
2023-08-27 13:56:42.0,0.23464827419867218,2023-08-27 13:56:42.0,65.93333333333332,2023-08-27 13:56:42.0,9,2023-08-27 13:56:42.0,80.9821475785917,2023-08-27 13:56:42.0,106860,2023-08-27 13:56:42.0,35347.0,2023-08-27 13:56:42.0,487.18828399699777,2023-08-27 13:56:42.0,979.9999999999999,4,2023-08-27 13:56:42.0,65.93333333333332
2023-08-27 13:56:48.0,0.22469687847316466,2023-08-27 13:56:48.0,68.19999999999999,2023-08-27 13:56:48.0,9,2023-08-27 13:56:48.0,81.14810534442707,2023-08-27 13:56:48.0,107280,2023-08-27 13:56:48.0,35845.0,2023-08-27 13:56:48.0,480.1044883941452,2023-08-27 13:56:48.0,979.9999999999999,4,2023-08-27 13:56:48.0,68.19999999999999
2023-08-27 13:56:54.0,0.20913891598737513,2023-08-27 13:56:54.0,68.46666666666665,2023-08-27 13:56:54.0,9,2023-08-27 13:56:54.0,81.33047979434646,2023-08-27 13:56:54.0,107700,2023-08-27 13:56:54.0,36300.0,2023-08-27 13:56:54.0,473.76431944326,2023-08-27 13:56:54.0,980.0,4,2023-08-27 13:56:54.0,68.46666666666665
2023-08-27 13:57:00.0,0.22934185899067927,2023-08-27 13:57:00.0,68.19999999999999,2023-08-27 13:57:00.0,9,2023-08-27 13:57:00.0,81.45570883340653,2023-08-27 13:57:00.0,108120,2023-08-27 13:57:00.0,36723.0,2023-08-27 13:57:00.0,476.249722585367,2023-08-27 13:57:00.0,979.9999999999999,4,2023-08-27 13:57:00.0,68.19999999999999
2023-08-27 13:57:06.0,0.22114251552099787,2023-08-27 13:57:06.0,66.8,2023-08-27 13:57:06.0,9,2023-08-27 13:57:06.0,81.56686253574709,2023-08-27 13:57:06.0,108540,2023-08-27 13:57:06.0,37036.0,2023-08-27 13:57:06.0,480.5674016445568,2023-08-27 13:57:06.0,980.0000000000001,4,2023-08-27 13:57:06.0,66.8
2023-08-27 13:57:12.0,0.21804182723286736,2023-08-27 13:57:12.0,65.39999999999999,2023-08-27 13:57:12.0,9,2023-08-27 13:57:12.0,81.68068076918422,2023-08-27 13:57:12.0,109380,2023-08-27 13:57:12.0,37364.0,2023-08-27 13:57:12.0,485.4566654123076,2023-08-27 13:57:12.0,980.0,4,2023-08-27 13:57:12.0,65.39999999999999
2023-08-27 13:57:18.0,0.19469533811158182,2023-08-27 13:57:18.0,63.4,2023-08-27 13:57:18.0,9,2023-08-27 13:57:18.0,81.82548995805917,2023-08-27 13:57:18.0,111240,2023-08-27 13:57:18.0,37819.0,2023-08-27 13:57:18.0,483.8951004610499,2023-08-27 13:57:18.0,980.0,4,2023-08-27 13:57:18.0,63.4
2023-08-27 13:57:24.0,0.1895017228330937,2023-08-27 13:57:24.0,63.73333333333333,2023-08-27 13:57:24.0,9,2023-08-27 13:57:24.0,81.98679207575434,2023-08-27 13:57:24.0,111660,2023-08-27 13:57:24.0,38262.0,2023-08-27 13:57:24.0,473.62877713527047,2023-08-27 13:57:24.0,980.0,4,2023-08-27 13:57:24.0,63.73333333333333
2023-08-27 13:57:30.0,0.2154751833859803,2023-08-27 13:57:30.0,66.73333333333333,2023-08-27 13:57:30.0,9,2023-08-27 13:57:30.0,82.10498294374386,2023-08-27 13:57:30.0,112080,2023-08-27 13:57:30.0,38682.0,2023-08-27 13:57:30.0,481.36235789562517,2023-08-27 13:57:30.0,979.9999999999999,4,2023-08-27 13:57:30.0,66.73333333333333
2023-08-27 13:57:36.0,0.20091253146323765,2023-08-27 13:57:36.0,66.61160571261189,2023-08-27 13:57:36.0,9,2023-08-27 13:57:36.0,82.20910547219523,2023-08-27 13:57:36.0,112500,2023-08-27 13:57:36.0,39000.0,2023-08-27 13:57:36.0,480.92763871169103,2023-08-27 13:57:36.0,980.0000000000001,4,2023-08-27 13:57:36.0,66.61160571261189
2023-08-27 13:57:42.0,0.2253706568761016,2023-08-27 13:57:42.0,68.06666666666666,2023-08-27 13:57:42.0,9,2023-08-27 13:57:42.0,82.32732719025306,2023-08-27 13:57:42.0,113340,2023-08-27 13:57:42.0,39355.0,2023-08-27 13:57:42.0,485.9895356572824,2023-08-27 13:57:42.0,980.0,4,2023-08-27 13:57:42.0,68.06666666666666
2023-08-27 13:57:48.0,0.23016324442149938,2023-08-27 13:57:48.0,70.46666666666665,2023-08-27 13:57:48.0,9,2023-08-27 13:57:48.0,82.47916128740593,2023-08-27 13:57:48.0,113760,2023-08-27 13:57:48.0,39884.0,2023-08-27 13:57:48.0,478.4488294376806,2023-08-27 13:57:48.0,979.9999999999999,4,2023-08-27 13:57:48.0,70.46666666666665
2023-08-27 13:57:54.0,0.22883100123412253,2023-08-27 13:57:54.0,75.06666666666666,2023-08-27 13:57:54.0,9,2023-08-27 13:57:54.0,82.65128136669752,2023-08-27 13:57:54.0,114180,2023-08-27 13:57:54.0,40401.0,2023-08-27 13:57:54.0,471.8257102059101,2023-08-27 13:57:54.0,980.0,4,2023-08-27 13:57:54.0,75.06666666666665
2023-08-27 13:58:00.0,0.22253531108333108,2023-08-27 13:58:00.0,74.06439171776414,2023-08-27 13:58:00.0,9,2023-08-27 13:58:00.0,82.76584810281327,2023-08-27 13:58:00.0,114600,2023-08-27 13:58:00.0,40836.0,2023-08-27 13:58:00.0,469.4666907304797,2023-08-27 13:58:00.0,980.0000000000001,4,2023-08-27 13:58:00.0,74.06439171776414
2023-08-27 13:58:06.0,0.22376704738343547,2023-08-27 13:58:06.0,74.06666666666666,2023-08-27 13:58:06.0,9,2023-08-27 13:58:06.0,82.8768216208672,2023-08-27 13:58:06.0,115020,2023-08-27 13:58:06.0,41205.0,2023-08-27 13:58:06.0,469.88472829204346,2023-08-27 13:58:06.0,980.0,4,2023-08-27 13:58:06.0,74.06666666666666
2023-08-27 13:58:12.0,0.24400485690943335,2023-08-27 13:58:12.0,72.66666666666666,2023-08-27 13:58:12.0,9,2023-08-27 13:58:12.0,82.98693389083704,2023-08-27 13:58:12.0,115860,2023-08-27 13:58:12.0,41564.0,2023-08-27 13:58:12.0,474.6321436197448,2023-08-27 13:58:12.0,979.9999999999999,4,2023-08-27 13:58:12.0,72.66666666666666
2023-08-27 13:58:18.0,0.24791165080463612,2023-08-27 13:58:18.0,73.46666666666667,2023-08-27 13:58:18.0,9,2023-08-27 13:58:18.0,83.13782743448898,2023-08-27 13:58:18.0,117720,2023-08-27 13:58:18.0,42113.0,2023-08-27 13:58:18.0,477.92588576534297,2023-08-27 13:58:18.0,980.0,4,2023-08-27 13:58:18.0,73.46666666666667
2023-08-27 13:58:24.0,0.24753852260557724,2023-08-27 13:58:24.0,73.66666666666666,2023-08-27 13:58:24.0,9,2023-08-27 13:58:24.0,83.28669621705048,2023-08-27 13:58:24.0,118140,2023-08-27 13:58:24.0,42591.0,2023-08-27 13:58:24.0,477.3695988670868,2023-08-27 13:58:24.0,980.0,4,2023-08-27 13:58:24.0,73.66666666666666
2023-08-27 13:58:30.0,0.2510648768103005,2023-08-27 13:58:30.0,69.53333333333333,2023-08-27 13:58:30.0,9,2023-08-27 13:58:30.0,83.38576365010016,2023-08-27 13:58:30.0,118560,2023-08-27 13:58:30.0,42998.0,2023-08-27 13:58:30.0,477.2237695909051,2023-08-27 13:58:30.0,980.0,4,2023-08-27 13:58:30.0,69.53333333333333
2023-08-27 13:58:36.0,0.23811051139920703,2023-08-27 13:58:36.0,68.93333333333332,2023-08-27 13:58:36.0,9,2023-08-27 13:58:36.0,83.48211167402535,2023-08-27 13:58:36.0,118980,2023-08-27 13:58:36.0,43348.0,2023-08-27 13:58:36.0,473.84304740877803,2023-08-27 13:58:36.0,979.9999999999999,4,2023-08-27 13:58:36.0,68.93333333333332
2023-08-27 13:58:42.0,0.24185614760590907,2023-08-27 13:58:42.0,69.93333333333334,2023-08-27 13:58:42.0,9,2023-08-27 13:58:42.0,83.58273238403999,2023-08-27 13:58:42.0,119820,2023-08-27 13:58:42.0,43708.0,2023-08-27 13:58:42.0,474.31669833461143,2023-08-27 13:58:42.0,980.0000000000001,4,2023-08-27 13:58:42.0,69.93333333333334
2023-08-27 13:58:48.0,0.22078169729151229,2023-08-27 13:58:48.0,71.06666666666666,2023-08-27 13:58:48.0,9,2023-08-27 13:58:48.0,83.71364790994129,2023-08-27 13:58:48.0,120240,2023-08-27 13:58:48.0,44222.0,2023-08-27 13:58:48.0,474.664164392044,2023-08-27 13:58:48.0,980.0,4,2023-08-27 13:58:48.0,71.06666666666666
2023-08-27 13:58:54.0,0.2067460211319684,2023-08-27 13:58:54.0,71.46666666666667,2023-08-27 13:58:54.0,9,2023-08-27 13:58:54.0,83.85299887611907,2023-08-27 13:58:54.0,120660,2023-08-27 13:58:54.0,44696.0,2023-08-27 13:58:54.0,475.3825042248083,2023-08-27 13:58:54.0,980.0,4,2023-08-27 13:58:54.0,71.46666666666665
2023-08-27 13:59:00.0,0.23418594815822405,2023-08-27 13:59:00.0,72.73333333333333,2023-08-27 13:59:00.0,9,2023-08-27 13:59:00.0,83.95535194212063,2023-08-27 13:59:00.0,121080,2023-08-27 13:59:00.0,45160.0,2023-08-27 13:59:00.0,477.05205949170806,2023-08-27 13:59:00.0,979.9999999999999,4,2023-08-27 13:59:00.0,72.73333333333333
2023-08-27 13:59:06.0,0.22185680311775985,2023-08-27 13:59:06.0,75.26666666666667,2023-08-27 13:59:06.0,9,2023-08-27 13:59:06.0,84.06349906109998,2023-08-27 13:59:06.0,121500,2023-08-27 13:59:06.0,45558.0,2023-08-27 13:59:06.0,474.5990441606041,2023-08-27 13:59:06.0,980.0,4,2023-08-27 13:59:06.0,75.26666666666667
2023-08-27 13:59:12.0,0.23060000708013723,2023-08-27 13:59:12.0,77.86666666666667,2023-08-27 13:59:12.0,9,2023-08-27 13:59:12.0,84.16646755850202,2023-08-27 13:59:12.0,122340,2023-08-27 13:59:12.0,45954.0,2023-08-27 13:59:12.0,476.79751380460647,2023-08-27 13:59:12.0,980.0,4,2023-08-27 13:59:12.0,77.86666666666667
2023-08-27 13:59:18.0,0.22783540886893722,2023-08-27 13:59:18.0,75.96666666666667,2023-08-27 13:59:18.0,9,2023-08-27 13:59:18.0,84.3210332091607,2023-08-27 13:59:18.0,124200,2023-08-27 13:59:18.0,46561.0,2023-08-27 13:59:18.0,480.7915367331599,2023-08-27 13:59:18.0,980.0,4,2023-08-27 13:59:18.0,76.39999999999999
2023-08-27 13:59:24.0,0.2116648506375053,2023-08-27 13:59:24.0,72.33333333333333,2023-08-27 13:59:24.0,9,2023-08-27 13:59:24.0,84.41819944265158,2023-08-27 13:59:24.0,124620,2023-08-27 13:59:24.0,46954.0,2023-08-27 13:59:24.0,482.1831806451915,2023-08-27 13:59:24.0,980.0000000000001,4,2023-08-27 13:59:24.0,72.33333333333333
2023-08-27 13:59:30.0,0.2297416133702605,2023-08-27 13:59:30.0,72.13333333333333,2023-08-27 13:59:30.0,9,2023-08-27 13:59:30.0,84.51385515847842,2023-08-27 13:59:30.0,125040,2023-08-27 13:59:30.0,47394.0,2023-08-27 13:59:30.0,482.8700630588253,2023-08-27 13:59:30.0,980.0000000000001,4,2023-08-27 13:59:30.0,72.13333333333333
2023-08-27 13:59:36.0,0.23321959324465658,2023-08-27 13:59:36.0,70.13606757808157,2023-08-27 13:59:36.0,9,2023-08-27 13:59:36.0,84.59619430497698,2023-08-27 13:59:36.0,125460,2023-08-27 13:59:36.0,47731.0,2023-08-27 13:59:36.0,483.0188000411518,2023-08-27 13:59:36.0,980.0,4,2023-08-27 13:59:36.0,70.13606757808157
2023-08-27 13:59:42.0,0.22557730730764008,2023-08-27 13:59:42.0,69.06446739975563,2023-08-27 13:59:42.0,9,2023-08-27 13:59:42.0,84.67954874223268,2023-08-27 13:59:42.0,126300,2023-08-27 13:59:42.0,48075.0,2023-08-27 13:59:42.0,480.66984403764707,2023-08-27 13:59:42.0,980.0,4,2023-08-27 13:59:42.0,69.06446739975563
2023-08-27 13:59:48.0,0.2243644427445447,2023-08-27 13:59:48.0,70.8,2023-08-27 13:59:48.0,9,2023-08-27 13:59:48.0,84.82344439301481,2023-08-27 13:59:48.0,126720,2023-08-27 13:59:48.0,48673.0,2023-08-27 13:59:48.0,479.3004610520364,2023-08-27 13:59:48.0,980.0,4,2023-08-27 13:59:48.0,70.8
2023-08-27 13:59:54.0,0.20188066012494849,2023-08-27 13:59:54.0,71.26940091141492,2023-08-27 13:59:54.0,9,2023-08-27 13:59:54.0,84.91785195979116,2023-08-27 13:59:54.0,127140,2023-08-27 13:59:54.0,49070.0,2023-08-27 13:59:54.0,480.56304228512755,2023-08-27 13:59:54.0,980.0,4,2023-08-27 13:59:54.0,71.26940091141492
2023-08-27 14:00:00.0,0.2318629714120451,2023-08-27 14:00:00.0,70.8,2023-08-27 14:00:00.0,9,2023-08-27 14:00:00.0,84.9975446717976,2023-08-27 14:00:00.0,127560,2023-08-27 14:00:00.0,49491.0,2023-08-27 14:00:00.0,482.52132365438763,2023-08-27 14:00:00.0,979.9999999999999,4,2023-08-27 14:00:00.0,70.8
2023-08-27 14:00:06.0,0.21666058559702686,2023-08-27 14:00:06.0,68.53333333333333,2023-08-27 14:00:06.0,9,2023-08-27 14:00:06.0,85.0761586934681,2023-08-27 14:00:06.0,127980,2023-08-27 14:00:06.0,49822.0,2023-08-27 14:00:06.0,474.3101889650795,2023-08-27 14:00:06.0,980.0,4,2023-08-27 14:00:06.0,68.53333333333333
2023-08-27 14:00:12.0,0.22209931013698475,2023-08-27 14:00:12.0,70.19999999999999,2023-08-27 14:00:12.0,9,2023-08-27 14:00:12.0,85.18130758823409,2023-08-27 14:00:12.0,128820,2023-08-27 14:00:12.0,50226.0,2023-08-27 14:00:12.0,474.85249532949393,2023-08-27 14:00:12.0,979.9999999999999,4,2023-08-27 14:00:12.0,70.19999999999999
2023-08-27 14:00:18.0,0.22599308636360227,2023-08-27 14:00:18.0,73.6,2023-08-27 14:00:18.0,9,2023-08-27 14:00:18.0,85.29883992514466,2023-08-27 14:00:18.0,130680,2023-08-27 14:00:18.0,50810.0,2023-08-27 14:00:18.0,478.01522814741077,2023-08-27 14:00:18.0,980.0,4,2023-08-27 14:00:18.0,73.6
2023-08-27 14:00:24.0,0.21693559613374258,2023-08-27 14:00:24.0,72.0,2023-08-27 14:00:24.0,9,2023-08-27 14:00:24.0,85.38163759750408,2023-08-27 14:00:24.0,131100,2023-08-27 14:00:24.0,51188.0,2023-08-27 14:00:24.0,484.4438953015746,2023-08-27 14:00:24.0,980.0,4,2023-08-27 14:00:24.0,72.0
2023-08-27 14:00:30.0,0.2444459968557826,2023-08-27 14:00:30.0,69.13333333333333,2023-08-27 14:00:30.0,9,2023-08-27 14:00:30.0,85.46023286847682,2023-08-27 14:00:30.0,131520,2023-08-27 14:00:30.0,51608.0,2023-08-27 14:00:30.0,487.84386938505213,2023-08-27 14:00:30.0,980.0000000000001,4,2023-08-27 14:00:30.0,69.13333333333333
2023-08-27 14:00:36.0,0.22658700600594764,2023-08-27 14:00:36.0,70.19999999999999,2023-08-27 14:00:36.0,9,2023-08-27 14:00:36.0,85.53741392770856,2023-08-27 14:00:36.0,131940,2023-08-27 14:00:36.0,51968.0,2023-08-27 14:00:36.0,481.58610724739833,2023-08-27 14:00:36.0,979.9999999999999,4,2023-08-27 14:00:36.0,70.19999999999999
2023-08-27 14:00:42.0,0.2279871197001544,2023-08-27 14:00:42.0,71.6,2023-08-27 14:00:42.0,9,2023-08-27 14:00:42.0,85.63810139677496,2023-08-27 14:00:42.0,132780,2023-08-27 14:00:42.0,52418.0,2023-08-27 14:00:42.0,474.0147352383115,2023-08-27 14:00:42.0,980.0000000000001,4,2023-08-27 14:00:42.0,71.6
2023-08-27 14:00:48.0,0.20803463125181,2023-08-27 14:00:48.0,74.19999999999999,2023-08-27 14:00:48.0,9,2023-08-27 14:00:48.0,85.74976386054016,2023-08-27 14:00:48.0,133200,2023-08-27 14:00:48.0,52970.0,2023-08-27 14:00:48.0,473.9681187862237,2023-08-27 14:00:48.0,980.0000000000001,4,2023-08-27 14:00:48.0,74.19999999999999
2023-08-27 14:00:54.0,0.21565119574141325,2023-08-27 14:00:54.0,76.06666666666665,2023-08-27 14:00:54.0,9,2023-08-27 14:00:54.0,85.83400250268035,2023-08-27 14:00:54.0,133620,2023-08-27 14:00:54.0,53414.0,2023-08-27 14:00:54.0,473.3901328177787,2023-08-27 14:00:54.0,980.0,4,2023-08-27 14:00:54.0,76.06666666666665
2023-08-27 14:01:00.0,0.23691286606858128,2023-08-27 14:01:00.0,73.26666666666667,2023-08-27 14:01:00.0,9,2023-08-27 14:01:00.0,85.90430436214596,2023-08-27 14:01:00.0,134040,2023-08-27 14:01:00.0,53792.0,2023-08-27 14:01:00.0,478.8541704462688,2023-08-27 14:01:00.0,980.0,4,2023-08-27 14:01:00.0,73.26666666666667
2023-08-27 14:01:06.0,0.23434243589175932,2023-08-27 14:01:06.0,70.8,2023-08-27 14:01:06.0,9,2023-08-27 14:01:06.0,85.97901831766242,2023-08-27 14:01:06.0,134460,2023-08-27 14:01:06.0,54157.0,2023-08-27 14:01:06.0,472.8894687928142,2023-08-27 14:01:06.0,980.0,4,2023-08-27 14:01:06.0,70.8
2023-08-27 14:01:12.0,0.21014634293921478,2023-08-27 14:01:12.0,68.93333333333334,2023-08-27 14:01:12.0,9,2023-08-27 14:01:12.0,86.06806510484908,2023-08-27 14:01:12.0,135300,2023-08-27 14:01:12.0,54559.0,2023-08-27 14:01:12.0,477.3670445756714,2023-08-27 14:01:12.0,980.0000000000001,4,2023-08-27 14:01:12.0,68.93333333333334
2023-08-27 14:01:18.0,0.210733622566748,2023-08-27 14:01:18.0,67.53333333333333,2023-08-27 14:01:18.0,9,2023-08-27 14:01:18.0,86.1612824413045,2023-08-27 14:01:18.0,137160,2023-08-27 14:01:18.0,55055.0,2023-08-27 14:01:18.0,479.7395942729071,2023-08-27 14:01:18.0,979.9999999999999,4,2023-08-27 14:01:18.0,67.53333333333333
2023-08-27 14:01:24.0,0.21794375670994495,2023-08-27 14:01:24.0,68.86666666666666,2023-08-27 14:01:24.0,9,2023-08-27 14:01:24.0,86.23553145121708,2023-08-27 14:01:24.0,137580,2023-08-27 14:01:24.0,55475.0,2023-08-27 14:01:24.0,482.70712327512007,2023-08-27 14:01:24.0,979.9999999999999,4,2023-08-27 14:01:24.0,68.86666666666666
2023-08-27 14:01:30.0,0.22468203982478763,2023-08-27 14:01:30.0,68.46818697072747,2023-08-27 14:01:30.0,9,2023-08-27 14:01:30.0,86.30452273599954,2023-08-27 14:01:30.0,138000,2023-08-27 14:01:30.0,55855.0,2023-08-27 14:01:30.0,484.0034440355564,2023-08-27 14:01:30.0,980.0000000000001,4,2023-08-27 14:01:30.0,68.46818697072747
2023-08-27 14:01:36.0,0.21462005138592247,2023-08-27 14:01:36.0,70.86666666666666,2023-08-27 14:01:36.0,9,2023-08-27 14:01:36.0,86.37226277462416,2023-08-27 14:01:36.0,138420,2023-08-27 14:01:36.0,56220.0,2023-08-27 14:01:36.0,481.8878328322279,2023-08-27 14:01:36.0,980.0000000000001,4,2023-08-27 14:01:36.0,70.86666666666666
2023-08-27 14:01:42.0,0.2165581875912043,2023-08-27 14:01:42.0,69.93333333333332,2023-08-27 14:01:42.0,9,2023-08-27 14:01:42.0,86.46118466635852,2023-08-27 14:01:42.0,139260,2023-08-27 14:01:42.0,56657.0,2023-08-27 14:01:42.0,477.235034912664,2023-08-27 14:01:42.0,979.9999999999999,4,2023-08-27 14:01:42.0,69.93333333333332
2023-08-27 14:01:48.0,0.22889825248998413,2023-08-27 14:01:48.0,72.33333333333333,2023-08-27 14:01:48.0,9,2023-08-27 14:01:48.0,86.5552048276112,2023-08-27 14:01:48.0,139680,2023-08-27 14:01:48.0,57186.0,2023-08-27 14:01:48.0,479.287519547812,2023-08-27 14:01:48.0,979.9999999999999,4,2023-08-27 14:01:48.0,72.33333333333333
2023-08-27 14:01:54.0,0.23481898105467003,2023-08-27 14:01:54.0,72.4,2023-08-27 14:01:54.0,9,2023-08-27 14:01:54.0,86.63059416886068,2023-08-27 14:01:54.0,140100,2023-08-27 14:01:54.0,57621.0,2023-08-27 14:01:54.0,476.09388631905153,2023-08-27 14:01:54.0,980.0000000000001,4,2023-08-27 14:01:54.0,72.4
2023-08-27 14:02:00.0,0.22515893252033264,2023-08-27 14:02:00.0,70.53333333333333,2023-08-27 14:02:00.0,9,2023-08-27 14:02:00.0,86.69354737012863,2023-08-27 14:02:00.0,140520,2023-08-27 14:02:00.0,58006.0,2023-08-27 14:02:00.0,476.31150629111653,2023-08-27 14:02:00.0,980.0,4,2023-08-27 14:02:00.0,70.53333333333333
2023-08-27 14:02:06.0,0.2045941667887972,2023-08-27 14:02:06.0,70.06666666666666,2023-08-27 14:02:06.0,9,2023-08-27 14:02:06.0,86.75696578311421,2023-08-27 14:02:06.0,140940,2023-08-27 14:02:06.0,58351.0,2023-08-27 14:02:06.0,474.13670818827114,2023-08-27 14:02:06.0,980.0,4,2023-08-27 14:02:06.0,70.06666666666666
2023-08-27 14:02:12.0,0.23370195011790687,2023-08-27 14:02:12.0,67.60000000000001,2023-08-27 14:02:12.0,9,2023-08-27 14:02:12.0,86.83583120553207,2023-08-27 14:02:12.0,141780,2023-08-27 14:02:12.0,58761.0,2023-08-27 14:02:12.0,484.0913378709039,2023-08-27 14:02:12.0,979.9999999999999,4,2023-08-27 14:02:12.0,67.60000000000001
2023-08-27 14:02:18.0,0.2273863634924927,2023-08-27 14:02:18.0,68.73333333333333,2023-08-27 14:02:18.0,9,2023-08-27 14:02:18.0,86.92140138267705,2023-08-27 14:02:18.0,143640,2023-08-27 14:02:18.0,59260.0,2023-08-27 14:02:18.0,482.6767067795972,2023-08-27 14:02:18.0,980.0,4,2023-08-27 14:02:18.0,68.73333333333332
2023-08-27 14:02:24.0,0.21698486089701252,2023-08-27 14:02:24.0,66.6,2023-08-27 14:02:24.0,9,2023-08-27 14:02:24.0,86.98425527794195,2023-08-27 14:02:24.0,144060,2023-08-27 14:02:24.0,59662.0,2023-08-27 14:02:24.0,478.9121594042168,2023-08-27 14:02:24.0,980.0,4,2023-08-27 14:02:24.0,66.6
2023-08-27 14:02:30.0,0.21815304967954258,2023-08-27 14:02:30.0,67.73333333333332,2023-08-27 14:02:30.0,9,2023-08-27 14:02:30.0,87.04341624791319,2023-08-27 14:02:30.0,144480,2023-08-27 14:02:30.0,60039.0,2023-08-27 14:02:30.0,477.7700761901493,2023-08-27 14:02:30.0,979.9999999999999,4,2023-08-27 14:02:30.0,67.73333333333332
2023-08-27 14:02:36.0,0.20645642926461089,2023-08-27 14:02:36.0,69.13333333333333,2023-08-27 14:02:36.0,9,2023-08-27 14:02:36.0,87.10487140760156,2023-08-27 14:02:36.0,145320,2023-08-27 14:02:36.0,60403.0,2023-08-27 14:02:36.0,478.0169069580084,2023-08-27 14:02:36.0,979.9999999999999,4,2023-08-27 14:02:36.0,69.13333333333333
2023-08-27 14:02:42.0,0.22706383214255466,2023-08-27 14:02:42.0,70.99999999999999,2023-08-27 14:02:42.0,9,2023-08-27 14:02:42.0,87.18722950951673,2023-08-27 14:02:42.0,145740,2023-08-27 14:02:42.0,60842.0,2023-08-27 14:02:42.0,474.64816800094,2023-08-27 14:02:42.0,979.9999999999999,4,2023-08-27 14:02:42.0,70.99999999999999
2023-08-27 14:02:48.0,0.21085802016192684,2023-08-27 14:02:48.0,71.46666666666667,2023-08-27 14:02:48.0,9,2023-08-27 14:02:48.0,87.27106602809937,2023-08-27 14:02:48.0,146160,2023-08-27 14:02:48.0,61367.0,2023-08-27 14:02:48.0,469.45352162948944,2023-08-27 14:02:48.0,979.9999999999999,4,2023-08-27 14:02:48.0,71.46666666666667
2023-08-27 14:02:54.0,0.2084214113012434,2023-08-27 14:02:54.0,72.80000000000001,2023-08-27 14:02:54.0,9,2023-08-27 14:02:54.0,87.33534997742188,2023-08-27 14:02:54.0,146580,2023-08-27 14:02:54.0,61813.0,2023-08-27 14:02:54.0,472.79452138568547,2023-08-27 14:02:54.0,979.9999999999999,4,2023-08-27 14:02:54.0,72.80000000000001
2023-08-27 14:03:00.0,0.21405911696015295,2023-08-27 14:03:00.0,68.73333333333333,2023-08-27 14:03:00.0,9,2023-08-27 14:03:00.0,87.39197412430575,2023-08-27 14:03:00.0,147000,2023-08-27 14:03:00.0,62174.0,2023-08-27 14:03:00.0,478.7973721932384,2023-08-27 14:03:00.0,980.0000000000001,4,2023-08-27 14:03:00.0,68.73333333333333
2023-08-27 14:03:06.0,0.19432922639305084,2023-08-27 14:03:06.0,71.33333333333333,2023-08-27 14:03:06.0,9,2023-08-27 14:03:06.0,87.45315555222429,2023-08-27 14:03:06.0,147840,2023-08-27 14:03:06.0,62554.0,2023-08-27 14:03:06.0,478.68947056472786,2023-08-27 14:03:06.0,980.0,4,2023-08-27 14:03:06.0,71.33333333333333
2023-08-27 14:03:12.0,0.22865666623129777,2023-08-27 14:03:12.0,74.39999999999998,2023-08-27 14:03:12.0,9,2023-08-27 14:03:12.0,87.53504457792353,2023-08-27 14:03:12.0,148260,2023-08-27 14:03:12.0,63031.0,2023-08-27 14:03:12.0,472.5935508876004,2023-08-27 14:03:12.0,979.9999999999999,4,2023-08-27 14:03:12.0,74.39999999999998
2023-08-27 14:03:18.0,0.2166165911854481,2023-08-27 14:03:18.0,72.86666666666666,2023-08-27 14:03:18.0,9,2023-08-27 14:03:18.0,87.61083372822189,2023-08-27 14:03:18.0,150120,2023-08-27 14:03:18.0,63528.0,2023-08-27 14:03:18.0,470.0502412440548,2023-08-27 14:03:18.0,979.9999999999999,4,2023-08-27 14:03:18.0,72.86666666666666
2023-08-27 14:03:25.0,0.2126410761710834,2023-08-27 14:03:25.0,70.19999999999999,2023-08-27 14:03:25.0,9,2023-08-27 14:03:25.0,87.67228281004563,2023-08-27 14:03:25.0,150540,2023-08-27 14:03:25.0,63953.0,2023-08-27 14:03:25.0,471.9712338084509,2023-08-27 14:03:25.0,980.0,4,2023-08-27 14:03:25.0,70.19999999999999
2023-08-27 14:03:31.0,0.205422767178831,2023-08-27 14:03:31.0,67.46666666666667,2023-08-27 14:03:31.0,9,2023-08-27 14:03:31.0,87.72623095736822,2023-08-27 14:03:31.0,150960,2023-08-27 14:03:31.0,64330.0,2023-08-27 14:03:31.0,476.02664916878115,2023-08-27 14:03:31.0,979.9999999999999,4,2023-08-27 14:03:31.0,67.46666666666667
2023-08-27 14:03:37.0,0.1950916024827932,2023-08-27 14:03:37.0,69.50351758793968,2023-08-27 14:03:37.0,9,2023-08-27 14:03:37.0,87.77855126652537,2023-08-27 14:03:37.0,151800,2023-08-27 14:03:37.0,64682.0,2023-08-27 14:03:37.0,478.35072214280683,2023-08-27 14:03:37.0,980.0,4,2023-08-27 14:03:37.0,69.50351758793968
2023-08-27 14:03:43.0,0.2108288094940777,2023-08-27 14:03:43.0,70.46666666666665,2023-08-27 14:03:43.0,9,2023-08-27 14:03:43.0,87.85024254225658,2023-08-27 14:03:43.0,152220,2023-08-27 14:03:43.0,65125.0,2023-08-27 14:03:43.0,482.3706311896077,2023-08-27 14:03:43.0,980.0,4,2023-08-27 14:03:43.0,70.46666666666665
2023-08-27 14:03:49.0,0.22566731723839772,2023-08-27 14:03:49.0,70.53333333333333,2023-08-27 14:03:49.0,9,2023-08-27 14:03:49.0,87.92459105311528,2023-08-27 14:03:49.0,152640,2023-08-27 14:03:49.0,65630.0,2023-08-27 14:03:49.0,488.5716687658805,2023-08-27 14:03:49.0,980.0,4,2023-08-27 14:03:49.0,70.53333333333333
2023-08-27 14:03:55.0,0.22231390827941766,2023-08-27 14:03:55.0,68.19999999999999,2023-08-27 14:03:55.0,9,2023-08-27 14:03:55.0,87.97758672118661,2023-08-27 14:03:55.0,153060,2023-08-27 14:03:55.0,66029.0,2023-08-27 14:03:55.0,483.98265367770125,2023-08-27 14:03:55.0,980.0000000000001,4,2023-08-27 14:03:55.0,68.19999999999999
2023-08-27 14:04:01.0,0.21650196095342442,2023-08-27 14:04:01.0,67.73333333333332,2023-08-27 14:04:01.0,9,2023-08-27 14:04:01.0,88.03233962803174,2023-08-27 14:04:01.0,153480,2023-08-27 14:04:01.0,66422.0,2023-08-27 14:04:01.0,480.0954287629207,2023-08-27 14:04:01.0,979.9999999999999,4,2023-08-27 14:04:01.0,67.73333333333332
2023-08-27 14:04:07.0,0.22059077238535277,2023-08-27 14:04:07.0,72.53333333333333,2023-08-27 14:04:07.0,9,2023-08-27 14:04:07.0,88.08675438614083,2023-08-27 14:04:07.0,154320,2023-08-27 14:04:07.0,66809.0,2023-08-27 14:04:07.0,476.3087937761292,2023-08-27 14:04:07.0,980.0,4,2023-08-27 14:04:07.0,72.53333333333333
2023-08-27 14:04:13.0,0.22396721091139746,2023-08-27 14:04:13.0,70.26666666666665,2023-08-27 14:04:13.0,9,2023-08-27 14:04:13.0,88.1512617858622,2023-08-27 14:04:13.0,154740,2023-08-27 14:04:13.0,67214.0,2023-08-27 14:04:13.0,477.7784762838259,2023-08-27 14:04:13.0,980.0,4,2023-08-27 14:04:13.0,70.26666666666665
2023-08-27 14:04:19.0,0.20009618694376433,2023-08-27 14:04:19.0,72.66666666666664,2023-08-27 14:04:19.0,9,2023-08-27 14:04:19.0,88.22706774784777,2023-08-27 14:04:19.0,156600,2023-08-27 14:04:19.0,67766.0,2023-08-27 14:04:19.0,479.1677176053498,2023-08-27 14:04:19.0,980.0000000000001,4,2023-08-27 14:04:19.0,72.66666666666664
2023-08-27 14:04:25.0,0.19787886819496073,2023-08-27 14:04:25.0,73.73333333333332,2023-08-27 14:04:25.0,9,2023-08-27 14:04:25.0,88.28613616892237,2023-08-27 14:04:25.0,157020,2023-08-27 14:04:25.0,68221.0,2023-08-27 14:04:25.0,473.76491221229264,2023-08-27 14:04:25.0,980.0,4,2023-08-27 14:04:25.0,73.79999999999998
2023-08-27 14:04:31.0,0.21861893409299538,2023-08-27 14:04:31.0,75.13333333333334,2023-08-27 14:04:31.0,9,2023-08-27 14:04:31.0,88.33840097188802,2023-08-27 14:04:31.0,157440,2023-08-27 14:04:31.0,68635.0,2023-08-27 14:04:31.0,476.01856028546274,2023-08-27 14:04:31.0,979.9999999999999,4,2023-08-27 14:04:31.0,75.13333333333334
2023-08-27 14:04:37.0,0.2057794127634757,2023-08-27 14:04:37.0,73.66666666666666,2023-08-27 14:04:37.0,9,2023-08-27 14:04:37.0,88.38884945788463,2023-08-27 14:04:37.0,158280,2023-08-27 14:04:37.0,68994.0,2023-08-27 14:04:37.0,481.4799457690919,2023-08-27 14:04:37.0,980.0,4,2023-08-27 14:04:37.0,73.66666666666666
2023-08-27 14:04:43.0,0.2047692456043933,2023-08-27 14:04:43.0,71.26666666666667,2023-08-27 14:04:43.0,9,2023-08-27 14:04:43.0,88.45339398950925,2023-08-27 14:04:43.0,158700,2023-08-27 14:04:43.0,69455.0,2023-08-27 14:04:43.0,479.1117280958099,2023-08-27 14:04:43.0,980.0,4,2023-08-27 14:04:43.0,71.26666666666667
2023-08-27 14:04:49.0,0.2145225976943,2023-08-27 14:04:49.0,70.93333333333331,2023-08-27 14:04:49.0,9,2023-08-27 14:04:49.0,88.52398025661165,2023-08-27 14:04:49.0,159120,2023-08-27 14:04:49.0,69972.0,2023-08-27 14:04:49.0,475.84063386765365,2023-08-27 14:04:49.0,980.0,4,2023-08-27 14:04:49.0,70.93333333333332
2023-08-27 14:04:55.0,0.20741927202139615,2023-08-27 14:04:55.0,70.79999999999998,2023-08-27 14:04:55.0,9,2023-08-27 14:04:55.0,88.57281992078525,2023-08-27 14:04:55.0,159540,2023-08-27 14:04:55.0,70403.0,2023-08-27 14:04:55.0,481.5958278541861,2023-08-27 14:04:55.0,980.0,4,2023-08-27 14:04:55.0,70.79999999999998
2023-08-27 14:05:01.0,0.2152953727933809,2023-08-27 14:05:01.0,70.0,2023-08-27 14:05:01.0,9,2023-08-27 14:05:01.0,88.61919566402392,2023-08-27 14:05:01.0,159960,2023-08-27 14:05:01.0,70748.0,2023-08-27 14:05:01.0,477.01508051096283,2023-08-27 14:05:01.0,980.0,4,2023-08-27 14:05:01.0,70.0
2023-08-27 14:05:07.0,0.20950949402494395,2023-08-27 14:05:07.0,69.26666666666665,2023-08-27 14:05:07.0,9,2023-08-27 14:05:07.0,88.66468191924864,2023-08-27 14:05:07.0,160800,2023-08-27 14:05:07.0,71092.0,2023-08-27 14:05:07.0,480.12613832885256,2023-08-27 14:05:07.0,980.0,4,2023-08-27 14:05:07.0,69.26666666666665
2023-08-27 14:05:13.0,0.2122268992389194,2023-08-27 14:05:13.0,69.0,2023-08-27 14:05:13.0,9,2023-08-27 14:05:13.0,88.7227853196589,2023-08-27 14:05:13.0,161220,2023-08-27 14:05:13.0,71545.0,2023-08-27 14:05:13.0,475.47669369254083,2023-08-27 14:05:13.0,980.0000000000001,4,2023-08-27 14:05:13.0,69.0
2023-08-27 14:05:19.0,0.20759343133255231,2023-08-27 14:05:19.0,67.2,2023-08-27 14:05:19.0,9,2023-08-27 14:05:19.0,88.78745774533465,2023-08-27 14:05:19.0,163080,2023-08-27 14:05:19.0,72030.0,2023-08-27 14:05:19.0,474.91510514627817,2023-08-27 14:05:19.0,980.0,4,2023-08-27 14:05:19.0,67.2
2023-08-27 14:05:25.0,0.20373221621113904,2023-08-27 14:05:25.0,66.46666666666665,2023-08-27 14:05:25.0,9,2023-08-27 14:05:25.0,88.83033310659737,2023-08-27 14:05:25.0,163500,2023-08-27 14:05:25.0,72420.0,2023-08-27 14:05:25.0,474.4622661984195,2023-08-27 14:05:25.0,979.9999999999999,4,2023-08-27 14:05:25.0,66.46666666666665
2023-08-27 14:05:31.0,0.2097965767273394,2023-08-27 14:05:31.0,66.86666666666666,2023-08-27 14:05:31.0,9,2023-08-27 14:05:31.0,88.87352391210591,2023-08-27 14:05:31.0,163920,2023-08-27 14:05:31.0,72764.0,2023-08-27 14:05:31.0,469.31464861303465,2023-08-27 14:05:31.0,980.0,4,2023-08-27 14:05:31.0,66.86666666666666
2023-08-27 14:05:37.0,0.1927305854647306,2023-08-27 14:05:37.0,69.20705500322501,2023-08-27 14:05:37.0,9,2023-08-27 14:05:37.0,88.91943966228963,2023-08-27 14:05:37.0,164760,2023-08-27 14:05:37.0,73132.0,2023-08-27 14:05:37.0,473.1240906813977,2023-08-27 14:05:37.0,980.0,4,2023-08-27 14:05:37.0,69.20705500322501
2023-08-27 14:05:43.0,0.20489905161854977,2023-08-27 14:05:43.0,69.8,2023-08-27 14:05:43.0,9,2023-08-27 14:05:43.0,88.9761775581796,2023-08-27 14:05:43.0,165180,2023-08-27 14:05:43.0,73574.0,2023-08-27 14:05:43.0,473.0341949769905,2023-08-27 14:05:43.0,980.0000000000001,4,2023-08-27 14:05:43.0,69.8
2023-08-27 14:05:49.0,0.20438206563808764,2023-08-27 14:05:49.0,68.53333333333333,2023-08-27 14:05:49.0,9,2023-08-27 14:05:49.0,89.03869704408537,2023-08-27 14:05:49.0,165600,2023-08-27 14:05:49.0,74075.0,2023-08-27 14:05:49.0,474.16387567213246,2023-08-27 14:05:49.0,980.0,4,2023-08-27 14:05:49.0,68.53333333333333
2023-08-27 14:05:55.0,0.19983473839199903,2023-08-27 14:05:55.0,68.53333333333333,2023-08-27 14:05:55.0,9,2023-08-27 14:05:55.0,89.08120518682242,2023-08-27 14:05:55.0,166020,2023-08-27 14:05:55.0,74485.0,2023-08-27 14:05:55.0,472.4304547130367,2023-08-27 14:05:55.0,980.0,4,2023-08-27 14:05:55.0,68.53333333333333
2023-08-27 14:06:01.0,0.20329234155554393,2023-08-27 14:06:01.0,67.53333333333333,2023-08-27 14:06:01.0,9,2023-08-27 14:06:01.0,89.12046346265348,2023-08-27 14:06:01.0,166440,2023-08-27 14:06:01.0,74818.0,2023-08-27 14:06:01.0,476.3507751331372,2023-08-27 14:06:01.0,979.9999999999999,4,2023-08-27 14:06:01.0,67.53333333333333
2023-08-27 14:06:07.0,0.2066517732781413,2023-08-27 14:06:07.0,64.39999999999999,2023-08-27 14:06:07.0,9,2023-08-27 14:06:07.0,89.15791445936986,2023-08-27 14:06:07.0,167280,2023-08-27 14:06:07.0,75119.0,2023-08-27 14:06:07.0,475.1499562149544,2023-08-27 14:06:07.0,980.0,4,2023-08-27 14:06:07.0,64.39999999999999
2023-08-27 14:06:13.0,0.2006934801461989,2023-08-27 14:06:13.0,62.5,2023-08-27 14:06:13.0,9,2023-08-27 14:06:13.0,89.21178783979914,2023-08-27 14:06:13.0,167700,2023-08-27 14:06:13.0,75592.0,2023-08-27 14:06:13.0,481.6429618941276,2023-08-27 14:06:13.0,980.0,4,2023-08-27 14:06:13.0,62.6
2023-08-27 14:06:19.0,0.19262662901553607,2023-08-27 14:06:19.0,63.400000000000006,2023-08-27 14:06:19.0,9,2023-08-27 14:06:19.0,89.2670199731877,2023-08-27 14:06:19.0,169560,2023-08-27 14:06:19.0,76012.0,2023-08-27 14:06:19.0,481.9297198398713,2023-08-27 14:06:19.0,980.0,4,2023-08-27 14:06:19.0,63.400000000000006
2023-08-27 14:06:25.0,0.18686340224371215,2023-08-27 14:06:25.0,65.4,2023-08-27 14:06:25.0,9,2023-08-27 14:06:25.0,89.30709798131431,2023-08-27 14:06:25.0,169980,2023-08-27 14:06:25.0,76432.0,2023-08-27 14:06:25.0,477.8113240850617,2023-08-27 14:06:25.0,980.0,4,2023-08-27 14:06:25.0,65.4
2023-08-27 14:06:31.0,0.19926396751541456,2023-08-27 14:06:31.0,65.86666666666666,2023-08-27 14:06:31.0,9,2023-08-27 14:06:31.0,89.34587226916422,2023-08-27 14:06:31.0,170400,2023-08-27 14:06:31.0,76747.0,2023-08-27 14:06:31.0,472.80969019478545,2023-08-27 14:06:31.0,980.0,4,2023-08-27 14:06:31.0,65.86666666666666
2023-08-27 14:06:37.0,0.18977603124068232,2023-08-27 14:06:37.0,64.13333333333333,2023-08-27 14:06:37.0,9,2023-08-27 14:06:37.0,89.38087378461358,2023-08-27 14:06:37.0,171240,2023-08-27 14:06:37.0,77045.0,2023-08-27 14:06:37.0,474.97850685595796,2023-08-27 14:06:37.0,980.0,4,2023-08-27 14:06:37.0,64.13333333333333
2023-08-27 14:06:43.0,0.18310017522203748,2023-08-27 14:06:43.0,59.86666666666667,2023-08-27 14:06:43.0,9,2023-08-27 14:06:43.0,89.42342225046417,2023-08-27 14:06:43.0,171660,2023-08-27 14:06:43.0,77457.0,2023-08-27 14:06:43.0,482.37197747221865,2023-08-27 14:06:43.0,980.0,3,2023-08-27 14:06:43.0,59.86666666666666
2023-08-27 14:06:49.0,0.18160346817681738,2023-08-27 14:06:49.0,61.199999999999996,2023-08-27 14:06:49.0,9,2023-08-27 14:06:49.0,89.47880315454887,2023-08-27 14:06:49.0,172080,2023-08-27 14:06:49.0,77900.0,2023-08-27 14:06:49.0,477.7106925227029,2023-08-27 14:06:49.0,980.0,4,2023-08-27 14:06:49.0,61.199999999999996
2023-08-27 14:06:55.0,0.17695938396443703,2023-08-27 14:06:55.0,64.46666666666665,2023-08-27 14:06:55.0,9,2023-08-27 14:06:55.0,89.51687007108421,2023-08-27 14:06:55.0,172500,2023-08-27 14:06:55.0,78307.0,2023-08-27 14:06:55.0,479.36427109287246,2023-08-27 14:06:55.0,980.0,4,2023-08-27 14:06:55.0,64.46666666666665
2023-08-27 14:07:01.0,0.17376589803941395,2023-08-27 14:07:01.0,64.26666666666667,2023-08-27 14:07:01.0,9,2023-08-27 14:07:01.0,89.55281385516278,2023-08-27 14:07:01.0,172920,2023-08-27 14:07:01.0,78616.0,2023-08-27 14:07:01.0,478.5347738717866,2023-08-27 14:07:01.0,980.0,4,2023-08-27 14:07:01.0,64.26666666666667
2023-08-27 14:07:07.0,0.1875383584750153,2023-08-27 14:07:07.0,62.4,2023-08-27 14:07:07.0,9,2023-08-27 14:07:07.0,89.58612388796536,2023-08-27 14:07:07.0,173760,2023-08-27 14:07:07.0,78921.0,2023-08-27 14:07:07.0,483.3126547561672,2023-08-27 14:07:07.0,980.0,4,2023-08-27 14:07:07.0,62.4
2023-08-27 14:07:13.0,0.19883488230492652,2023-08-27 14:07:13.0,59.733333333333334,2023-08-27 14:07:13.0,8,2023-08-27 14:07:13.0,89.62974362278409,2023-08-27 14:07:13.0,174120,2023-08-27 14:07:13.0,79327.0,2023-08-27 14:07:13.0,485.1213009623846,2023-08-27 14:07:13.0,980.0,3,2023-08-27 14:07:13.0,59.733333333333334
2023-08-27 14:07:19.0,0.20254578792662536,2023-08-27 14:07:19.0,57.93333333333333,2023-08-27 14:07:19.0,8,2023-08-27 14:07:19.0,89.67772514329312,2023-08-27 14:07:19.0,175920,2023-08-27 14:07:19.0,72135.0,2023-08-27 14:07:19.0,478.8877112065789,2023-08-27 14:07:19.0,980.0,3,2023-08-27 14:07:19.0,57.93333333333333
2023-08-27 14:07:25.0,0.19814364126142808,2023-08-27 14:07:25.0,58.133333333333326,2023-08-27 14:07:25.0,8,2023-08-27 14:07:25.0,89.70930412839903,2023-08-27 14:07:25.0,176280,2023-08-27 14:07:25.0,72503.0,2023-08-27 14:07:25.0,472.5207490685638,2023-08-27 14:07:25.0,980.0000000000001,3,2023-08-27 14:07:25.0,58.13333333333333
2023-08-27 14:07:31.0,0.20633478489054585,2023-08-27 14:07:31.0,56.66666666666666,2023-08-27 14:07:31.0,8,2023-08-27 14:07:31.0,89.7386057254797,2023-08-27 14:07:31.0,176640,2023-08-27 14:07:31.0,72779.0,2023-08-27 14:07:31.0,468.60180509528516,2023-08-27 14:07:31.0,980.0,3,2023-08-27 14:07:31.0,56.66666666666666
2023-08-27 14:07:37.0,0.20707080867030903,2023-08-27 14:07:37.0,58.53333333333333,2023-08-27 14:07:37.0,8,2023-08-27 14:07:37.0,89.77170550735511,2023-08-27 14:07:37.0,177360,2023-08-27 14:07:37.0,73081.0,2023-08-27 14:07:37.0,472.6353336489184,2023-08-27 14:07:37.0,980.0,3,2023-08-27 14:07:37.0,58.53333333333333
2023-08-27 14:07:43.0,0.19108090255020993,2023-08-27 14:07:43.0,60.06666666666666,2023-08-27 14:07:43.0,8,2023-08-27 14:07:43.0,89.81449575468577,2023-08-27 14:07:43.0,177720,2023-08-27 14:07:43.0,73508.0,2023-08-27 14:07:43.0,471.2560541698479,2023-08-27 14:07:43.0,980.0,3,2023-08-27 14:07:43.0,60.06666666666666
2023-08-27 14:07:49.0,0.19119060275879055,2023-08-27 14:07:49.0,62.2,2023-08-27 14:07:49.0,8,2023-08-27 14:07:49.0,89.86332261348649,2023-08-27 14:07:49.0,178080,2023-08-27 14:07:49.0,73924.0,2023-08-27 14:07:49.0,469.5374907486384,2023-08-27 14:07:49.0,980.0,4,2023-08-27 14:07:49.0,62.2
2023-08-27 14:07:55.0,0.18796922808545896,2023-08-27 14:07:55.0,62.2,2023-08-27 14:07:55.0,8,2023-08-27 14:07:55.0,89.89732781714125,2023-08-27 14:07:55.0,178440,2023-08-27 14:07:55.0,74325.0,2023-08-27 14:07:55.0,473.88244974002043,2023-08-27 14:07:55.0,980.0,4,2023-08-27 14:07:55.0,62.2
2023-08-27 14:08:01.0,0.20829140927165185,2023-08-27 14:08:01.0,60.53333333333333,2023-08-27 14:08:01.0,8,2023-08-27 14:08:01.0,89.92861189880304,2023-08-27 14:08:01.0,178800,2023-08-27 14:08:01.0,74615.0,2023-08-27 14:08:01.0,477.7246713235522,2023-08-27 14:08:01.0,980.0,4,2023-08-27 14:08:01.0,60.53333333333333
2023-08-27 14:08:07.0,0.19874466744293556,2023-08-27 14:08:07.0,59.6,2023-08-27 14:08:07.0,8,2023-08-27 14:08:07.0,89.95738795235805,2023-08-27 14:08:07.0,179520,2023-08-27 14:08:07.0,74906.0,2023-08-27 14:08:07.0,481.83357097647314,2023-08-27 14:08:07.0,980.0,3,2023-08-27 14:08:07.0,59.6
2023-08-27 14:08:13.0,0.2049768411742275,2023-08-27 14:08:13.0,56.86666666666666,2023-08-27 14:08:13.0,8,2023-08-27 14:08:13.0,89.99663398571778,2023-08-27 14:08:13.0,179880,2023-08-27 14:08:13.0,75292.0,2023-08-27 14:08:13.0,475.9826505731069,2023-08-27 14:08:13.0,980.0,3,2023-08-27 14:08:13.0,56.86666666666666
2023-08-27 14:08:19.0,0.20642463258716948,2023-08-27 14:08:19.0,56.26666666666666,2023-08-27 14:08:19.0,8,2023-08-27 14:08:19.0,90.03942374422942,2023-08-27 14:08:19.0,181680,2023-08-27 14:08:19.0,75672.0,2023-08-27 14:08:19.0,480.49364665836094,2023-08-27 14:08:19.0,980.0,3,2023-08-27 14:08:19.0,56.26666666666666
2023-08-27 14:08:25.0,0.17714777535945683,2023-08-27 14:08:25.0,56.2,2023-08-27 14:08:25.0,8,2023-08-27 14:08:25.0,90.06792982219636,2023-08-27 14:08:25.0,182040,2023-08-27 14:08:25.0,76017.0,2023-08-27 14:08:25.0,484.24410462840353,2023-08-27 14:08:25.0,980.0,3,2023-08-27 14:08:25.0,56.199999999999996
2023-08-27 14:08:31.0,0.19320631405230024,2023-08-27 14:08:31.0,55.26666666666666,2023-08-27 14:08:31.0,8,2023-08-27 14:08:31.0,90.0944494474503,2023-08-27 14:08:31.0,182400,2023-08-27 14:08:31.0,76290.0,2023-08-27 14:08:31.0,484.9649093769445,2023-08-27 14:08:31.0,980.0,3,2023-08-27 14:08:31.0,55.26666666666666
2023-08-27 14:08:37.0,0.1882900206411501,2023-08-27 14:08:37.0,55.06666666666666,2023-08-27 14:08:37.0,8,2023-08-27 14:08:37.0,90.12296620290495,2023-08-27 14:08:37.0,183120,2023-08-27 14:08:37.0,76581.0,2023-08-27 14:08:37.0,479.5072070722136,2023-08-27 14:08:37.0,980.0,3,2023-08-27 14:08:37.0,55.06666666666666
2023-08-27 14:08:43.0,0.19871973105212154,2023-08-27 14:08:43.0,58.19999999999999,2023-08-27 14:08:43.0,8,2023-08-27 14:08:43.0,90.16469429398241,2023-08-27 14:08:43.0,183480,2023-08-27 14:08:43.0,77000.0,2023-08-27 14:08:43.0,474.04005926790086,2023-08-27 14:08:43.0,979.9999999999999,3,2023-08-27 14:08:43.0,58.19999999999999
2023-08-27 14:08:49.0,0.18088233552257538,2023-08-27 14:08:49.0,58.93333333333332,2023-08-27 14:08:49.0,8,2023-08-27 14:08:49.0,90.2076523457022,2023-08-27 14:08:49.0,183840,2023-08-27 14:08:49.0,77397.0,2023-08-27 14:08:49.0,472.24926849437776,2023-08-27 14:08:49.0,980.0,3,2023-08-27 14:08:49.0,58.93333333333332
2023-08-27 14:08:55.0,0.16628629025487426,2023-08-27 14:08:55.0,55.8,2023-08-27 14:08:55.0,8,2023-08-27 14:08:55.0,90.23435174512711,2023-08-27 14:08:55.0,184200,2023-08-27 14:08:55.0,77737.0,2023-08-27 14:08:55.0,471.32526790565254,2023-08-27 14:08:55.0,980.0,3,2023-08-27 14:08:55.0,55.8
2023-08-27 14:09:01.0,0.19447741252826367,2023-08-27 14:09:01.0,58.86666666666666,2023-08-27 14:09:01.0,8,2023-08-27 14:09:01.0,90.26462268105927,2023-08-27 14:09:01.0,184560,2023-08-27 14:09:01.0,78067.0,2023-08-27 14:09:01.0,471.3751921136625,2023-08-27 14:09:01.0,980.0,3,2023-08-27 14:09:01.0,58.86666666666666
2023-08-27 14:09:07.0,0.18462685609173785,2023-08-27 14:09:07.0,59.86666666666666,2023-08-27 14:09:07.0,8,2023-08-27 14:09:07.0,90.29386371536653,2023-08-27 14:09:07.0,185280,2023-08-27 14:09:07.0,78369.0,2023-08-27 14:09:07.0,472.5554700482034,2023-08-27 14:09:07.0,980.0,3,2023-08-27 14:09:07.0,59.86666666666666
2023-08-27 14:09:13.0,0.1798342802773433,2023-08-27 14:09:13.0,64.06666666666666,2023-08-27 14:09:13.0,8,2023-08-27 14:09:13.0,90.33677601644055,2023-08-27 14:09:13.0,185640,2023-08-27 14:09:13.0,78817.0,2023-08-27 14:09:13.0,474.50858716528774,2023-08-27 14:09:13.0,980.0,4,2023-08-27 14:09:13.0,64.06666666666666
2023-08-27 14:09:19.0,0.1919470088352831,2023-08-27 14:09:19.0,65.26666666666667,2023-08-27 14:09:19.0,8,2023-08-27 14:09:19.0,90.38437517092736,2023-08-27 14:09:19.0,187440,2023-08-27 14:09:19.0,79274.0,2023-08-27 14:09:19.0,470.05884990254344,2023-08-27 14:09:19.0,980.0,4,2023-08-27 14:09:19.0,65.26666666666667
2023-08-27 14:09:25.0,0.20907306912904658,2023-08-27 14:09:25.0,64.53333333333333,2023-08-27 14:09:25.0,8,2023-08-27 14:09:25.0,90.4137794520433,2023-08-27 14:09:25.0,187800,2023-08-27 14:09:25.0,79663.0,2023-08-27 14:09:25.0,473.06789673968353,2023-08-27 14:09:25.0,980.0,4,2023-08-27 14:09:25.0,64.53333333333333
2023-08-27 14:09:31.0,0.18335536194720825,2023-08-27 14:09:31.0,64.19999999999999,2023-08-27 14:09:31.0,8,2023-08-27 14:09:31.0,90.44304798194122,2023-08-27 14:09:31.0,188160,2023-08-27 14:09:31.0,79986.0,2023-08-27 14:09:31.0,475.568803677465,2023-08-27 14:09:31.0,980.0,4,2023-08-27 14:09:31.0,64.19999999999999
2023-08-27 14:09:37.0,0.18370454102260164,2023-08-27 14:09:37.0,64.19999999999999,2023-08-27 14:09:37.0,8,2023-08-27 14:09:37.0,90.47349580941284,2023-08-27 14:09:37.0,188880,2023-08-27 14:09:37.0,80319.0,2023-08-27 14:09:37.0,476.0634708697606,2023-08-27 14:09:37.0,980.0,4,2023-08-27 14:09:37.0,64.19999999999999
2023-08-27 14:09:43.0,0.1934745836416908,2023-08-27 14:09:43.0,63.133333333333326,2023-08-27 14:09:43.0,8,2023-08-27 14:09:43.0,90.5230575532506,2023-08-27 14:09:43.0,189240,2023-08-27 14:09:43.0,80806.0,2023-08-27 14:09:43.0,467.13316060214277,2023-08-27 14:09:43.0,980.0,4,2023-08-27 14:09:43.0,63.133333333333326
2023-08-27 14:09:49.0,0.2033971206703629,2023-08-27 14:09:49.0,63.86666666666666,2023-08-27 14:09:49.0,8,2023-08-27 14:09:49.0,90.5580953344665,2023-08-27 14:09:49.0,189600,2023-08-27 14:09:49.0,81200.0,2023-08-27 14:09:49.0,474.5422571452405,2023-08-27 14:09:49.0,980.0,4,2023-08-27 14:09:49.0,63.86666666666666
2023-08-27 14:09:55.0,0.21552311548756325,2023-08-27 14:09:55.0,68.53333333333333,2023-08-27 14:09:55.0,8,2023-08-27 14:09:55.0,90.59137731634613,2023-08-27 14:09:55.0,189960,2023-08-27 14:09:55.0,81648.0,2023-08-27 14:09:55.0,474.52628591666974,2023-08-27 14:09:55.0,980.0,4,2023-08-27 14:09:55.0,68.53333333333333
2023-08-27 14:10:01.0,0.22857956082215813,2023-08-27 14:10:01.0,70.0,2023-08-27 14:10:01.0,8,2023-08-27 14:10:01.0,90.62351548872874,2023-08-27 14:10:01.0,190320,2023-08-27 14:10:01.0,81996.0,2023-08-27 14:10:01.0,478.50273393773335,2023-08-27 14:10:01.0,979.9999999999999,4,2023-08-27 14:10:01.0,70.0
2023-08-27 14:10:07.0,0.21663444763306625,2023-08-27 14:10:07.0,69.36666666666666,2023-08-27 14:10:07.0,8,2023-08-27 14:10:07.0,90.66410732006149,2023-08-27 14:10:07.0,191040,2023-08-27 14:10:07.0,82342.0,2023-08-27 14:10:07.0,474.32556339480846,2023-08-27 14:10:07.0,979.9999999999999,4,2023-08-27 14:10:07.0,69.26666666666667
2023-08-27 14:10:13.0,0.237226506487616,2023-08-27 14:10:13.0,68.93333333333334,2023-08-27 14:10:13.0,7,2023-08-27 14:10:13.0,90.70516012633516,2023-08-27 14:10:13.0,191340,2023-08-27 14:10:13.0,82861.0,2023-08-27 14:10:13.0,479.29680023744515,2023-08-27 14:10:13.0,980.0000000000001,4,2023-08-27 14:10:13.0,68.93333333333334
2023-08-27 14:10:19.0,0.24978415410902846,2023-08-27 14:10:19.0,65.0,2023-08-27 14:10:19.0,7,2023-08-27 14:10:19.0,90.73596164960342,2023-08-27 14:10:19.0,193080,2023-08-27 14:10:19.0,74207.0,2023-08-27 14:10:19.0,476.2825075630753,2023-08-27 14:10:19.0,980.0,4,2023-08-27 14:10:19.0,65.0
2023-08-27 14:10:25.0,0.2513337226937598,2023-08-27 14:10:25.0,66.26666666666667,2023-08-27 14:10:25.0,7,2023-08-27 14:10:25.0,90.76727546987145,2023-08-27 14:10:25.0,193380,2023-08-27 14:10:25.0,74651.0,2023-08-27 14:10:25.0,475.180123617945,2023-08-27 14:10:25.0,980.0000000000001,4,2023-08-27 14:10:25.0,66.26666666666667
2023-08-27 14:10:31.0,0.2461550415052682,2023-08-27 14:10:31.0,67.53333333333333,2023-08-27 14:10:31.0,7,2023-08-27 14:10:31.0,90.79578673340208,2023-08-27 14:10:31.0,193680,2023-08-27 14:10:31.0,74997.0,2023-08-27 14:10:31.0,480.06461776308015,2023-08-27 14:10:31.0,980.0,4,2023-08-27 14:10:31.0,67.53333333333333
2023-08-27 14:10:37.0,0.264927019274429,2023-08-27 14:10:37.0,70.73333333333332,2023-08-27 14:10:37.0,7,2023-08-27 14:10:37.0,90.83801992714477,2023-08-27 14:10:37.0,194280,2023-08-27 14:10:37.0,75414.0,2023-08-27 14:10:37.0,477.75984389390175,2023-08-27 14:10:37.0,980.0,4,2023-08-27 14:10:37.0,70.73333333333332
2023-08-27 14:10:43.0,0.2507053871271502,2023-08-27 14:10:43.0,73.73333333333333,2023-08-27 14:10:43.0,7,2023-08-27 14:10:43.0,90.88258332763725,2023-08-27 14:10:43.0,194580,2023-08-27 14:10:43.0,75938.0,2023-08-27 14:10:43.0,476.8252949371684,2023-08-27 14:10:43.0,980.0000000000001,4,2023-08-27 14:10:43.0,73.73333333333333
2023-08-27 14:10:49.0,0.2392611815097308,2023-08-27 14:10:49.0,71.6,2023-08-27 14:10:49.0,7,2023-08-27 14:10:49.0,90.91432043682772,2023-08-27 14:10:49.0,194880,2023-08-27 14:10:49.0,76334.0,2023-08-27 14:10:49.0,474.3844893526659,2023-08-27 14:10:49.0,979.9999999999999,4,2023-08-27 14:10:49.0,71.6
2023-08-27 14:10:55.0,0.22889649201421688,2023-08-27 14:10:55.0,68.26666666666667,2023-08-27 14:10:55.0,7,2023-08-27 14:10:55.0,90.9431862463491,2023-08-27 14:10:55.0,195180,2023-08-27 14:10:55.0,76756.0,2023-08-27 14:10:55.0,478.09857344540796,2023-08-27 14:10:55.0,980.0000000000001,4,2023-08-27 14:10:55.0,68.26666666666667
2023-08-27 14:11:01.0,0.2726725361408817,2023-08-27 14:11:01.0,67.06666666666668,2023-08-27 14:11:01.0,7,2023-08-27 14:11:01.0,90.96958016395729,2023-08-27 14:11:01.0,195480,2023-08-27 14:11:01.0,77094.0,2023-08-27 14:11:01.0,483.5131415893063,2023-08-27 14:11:01.0,980.0000000000001,4,2023-08-27 14:11:01.0,67.06666666666668
2023-08-27 14:11:07.0,0.26906670077656586,2023-08-27 14:11:07.0,66.53722403788434,2023-08-27 14:11:07.0,7,2023-08-27 14:11:07.0,91.00630334766184,2023-08-27 14:11:07.0,196080,2023-08-27 14:11:07.0,77465.0,2023-08-27 14:11:07.0,482.0299255017404,2023-08-27 14:11:07.0,979.9999999999999,4,2023-08-27 14:11:07.0,66.53722403788434
2023-08-27 14:11:13.0,0.27121713066716124,2023-08-27 14:11:13.0,69.8,2023-08-27 14:11:13.0,7,2023-08-27 14:11:13.0,91.05124892895967,2023-08-27 14:11:13.0,196380,2023-08-27 14:11:13.0,78006.0,2023-08-27 14:11:13.0,477.1115412218045,2023-08-27 14:11:13.0,980.0,4,2023-08-27 14:11:13.0,69.8
2023-08-27 14:11:19.0,0.26517304842331385,2023-08-27 14:11:19.0,72.39999999999999,2023-08-27 14:11:19.0,7,2023-08-27 14:11:19.0,91.08450097313559,2023-08-27 14:11:19.0,198120,2023-08-27 14:11:19.0,78472.0,2023-08-27 14:11:19.0,479.17741267674376,2023-08-27 14:11:19.0,980.0,4,2023-08-27 14:11:19.0,72.39999999999999
2023-08-27 14:11:25.0,0.2442460686412108,2023-08-27 14:11:25.0,71.33333333333333,2023-08-27 14:11:25.0,7,2023-08-27 14:11:25.0,91.11278322191248,2023-08-27 14:11:25.0,198420,2023-08-27 14:11:25.0,78871.0,2023-08-27 14:11:25.0,475.7973538832904,2023-08-27 14:11:25.0,980.0,4,2023-08-27 14:11:25.0,71.33333333333333
2023-08-27 14:11:31.0,0.2614910374015706,2023-08-27 14:11:31.0,72.6,2023-08-27 14:11:31.0,7,2023-08-27 14:11:31.0,91.14408032698468,2023-08-27 14:11:31.0,198720,2023-08-27 14:11:31.0,79280.0,2023-08-27 14:11:31.0,473.00870441175954,2023-08-27 14:11:31.0,980.0000000000001,4,2023-08-27 14:11:31.0,72.6
2023-08-27 14:11:37.0,0.2797250243623599,2023-08-27 14:11:37.0,72.46666666666667,2023-08-27 14:11:37.0,7,2023-08-27 14:11:37.0,91.18012344792392,2023-08-27 14:11:37.0,199320,2023-08-27 14:11:37.0,79666.0,2023-08-27 14:11:37.0,470.20316360406713,2023-08-27 14:11:37.0,980.0,4,2023-08-27 14:11:37.0,72.46666666666667
2023-08-27 14:11:43.0,0.27489834351549186,2023-08-27 14:11:43.0,69.0,2023-08-27 14:11:43.0,7,2023-08-27 14:11:43.0,91.21852322426666,2023-08-27 14:11:43.0,199620,2023-08-27 14:11:43.0,80145.0,2023-08-27 14:11:43.0,475.28399271057765,2023-08-27 14:11:43.0,980.0,4,2023-08-27 14:11:43.0,69.0
2023-08-27 14:11:49.0,0.26549122615078996,2023-08-27 14:11:49.0,71.06666666666666,2023-08-27 14:11:49.0,7,2023-08-27 14:11:49.0,91.25140013984921,2023-08-27 14:11:49.0,199920,2023-08-27 14:11:49.0,80628.0,2023-08-27 14:11:49.0,483.30540143608664,2023-08-27 14:11:49.0,980.0,4,2023-08-27 14:11:49.0,71.06666666666666
2023-08-27 14:11:55.0,0.2521554550412919,2023-08-27 14:11:55.0,75.6,2023-08-27 14:11:55.0,7,2023-08-27 14:11:55.0,91.28355249351903,2023-08-27 14:11:55.0,200220,2023-08-27 14:11:55.0,81086.0,2023-08-27 14:11:55.0,482.7096641672489,2023-08-27 14:11:55.0,979.9999999999999,4,2023-08-27 14:11:55.0,75.6
2023-08-27 14:12:01.0,0.28258003711439267,2023-08-27 14:12:01.0,76.06666666666666,2023-08-27 14:12:01.0,7,2023-08-27 14:12:01.0,91.31179023022906,2023-08-27 14:12:01.0,200580,2023-08-27 14:12:01.0,81455.0,2023-08-27 14:12:01.0,482.4128291695612,2023-08-27 14:12:01.0,980.0,4,2023-08-27 14:12:01.0,76.06666666666666
2023-08-27 14:12:07.0,0.28858010646605714,2023-08-27 14:12:07.0,76.66666666666666,2023-08-27 14:12:07.0,7,2023-08-27 14:12:07.0,91.35001717697688,2023-08-27 14:12:07.0,201300,2023-08-27 14:12:07.0,81894.0,2023-08-27 14:12:07.0,479.8748884065472,2023-08-27 14:12:07.0,980.0,4,2023-08-27 14:12:07.0,76.66666666666666
2023-08-27 14:12:13.0,0.27616927294141286,2023-08-27 14:12:13.0,69.66666666666667,2023-08-27 14:12:13.0,7,2023-08-27 14:12:13.0,91.38452046101722,2023-08-27 14:12:13.0,201660,2023-08-27 14:12:13.0,82340.0,2023-08-27 14:12:13.0,480.6934216162756,2023-08-27 14:12:13.0,980.0,4,2023-08-27 14:12:13.0,69.66666666666667
2023-08-27 14:12:19.0,0.2618008455548179,2023-08-27 14:12:19.0,63.20883333333333,2023-08-27 14:12:19.0,8,2023-08-27 14:12:19.0,91.41085585121085,2023-08-27 14:12:19.0,203460,2023-08-27 14:12:19.0,82735.0,2023-08-27 14:12:19.0,471.8339865450035,2023-08-27 14:12:19.0,980.0,4,2023-08-27 14:12:19.0,63.209373333333325
2023-08-27 14:12:25.0,0.2616327070757919,2023-08-27 14:12:25.0,62.14554333333333,2023-08-27 14:12:25.0,8,2023-08-27 14:12:25.0,91.4342456905629,2023-08-27 14:12:25.0,203820,2023-08-27 14:12:25.0,83097.0,2023-08-27 14:12:25.0,475.13259241786244,2023-08-27 14:12:25.0,980.0,4,2023-08-27 14:12:25.0,62.14668333333333
2023-08-27 14:12:31.0,0.25453003480172526,2023-08-27 14:12:31.0,63.363653333333325,2023-08-27 14:12:31.0,8,2023-08-27 14:12:31.0,91.45837715653893,2023-08-27 14:12:31.0,204180,2023-08-27 14:12:31.0,83424.0,2023-08-27 14:12:31.0,479.74249030710115,2023-08-27 14:12:31.0,980.0,4,2023-08-27 14:12:31.0,63.36599999999999
2023-08-27 14:12:37.0,0.26242767085965224,2023-08-27 14:12:37.0,64.93333333333334,2023-08-27 14:12:37.0,8,2023-08-27 14:12:37.0,91.49050492886886,2023-08-27 14:12:37.0,204900,2023-08-27 14:12:37.0,83783.0,2023-08-27 14:12:37.0,479.93201074066997,2023-08-27 14:12:37.0,980.0,4,2023-08-27 14:12:37.0,64.93333333333334
2023-08-27 14:12:43.0,0.2592476189784843,2023-08-27 14:12:43.0,64.8,2023-08-27 14:12:43.0,8,2023-08-27 14:12:43.0,91.52672917417954,2023-08-27 14:12:43.0,205260,2023-08-27 14:12:43.0,84280.0,2023-08-27 14:12:43.0,475.6324601250024,2023-08-27 14:12:43.0,980.0,4,2023-08-27 14:12:43.0,64.8
2023-08-27 14:12:49.0,0.24514519130036416,2023-08-27 14:12:49.0,65.2,2023-08-27 14:12:49.0,8,2023-08-27 14:12:49.0,91.55166892074492,2023-08-27 14:12:49.0,205620,2023-08-27 14:12:49.0,84684.0,2023-08-27 14:12:49.0,479.59004032077416,2023-08-27 14:12:49.0,980.0000000000001,4,2023-08-27 14:12:49.0,65.2
2023-08-27 14:12:55.0,0.22215019826534615,2023-08-27 14:12:55.0,65.6,2023-08-27 14:12:55.0,8,2023-08-27 14:12:55.0,91.57638330356649,2023-08-27 14:12:55.0,205980,2023-08-27 14:12:55.0,85066.0,2023-08-27 14:12:55.0,477.53927975411733,2023-08-27 14:12:55.0,980.0,4,2023-08-27 14:12:55.0,65.6
2023-08-27 14:13:01.0,0.23669176027046807,2023-08-27 14:13:01.0,69.4,2023-08-27 14:13:01.0,8,2023-08-27 14:13:01.0,91.60248724773749,2023-08-27 14:13:01.0,206700,2023-08-27 14:13:01.0,85426.0,2023-08-27 14:13:01.0,475.64676139766897,2023-08-27 14:13:01.0,980.0,4,2023-08-27 14:13:01.0,69.4
2023-08-27 14:13:07.0,0.2316362279488734,2023-08-27 14:13:07.0,69.46666666666665,2023-08-27 14:13:07.0,8,2023-08-27 14:13:07.0,91.63569013514736,2023-08-27 14:13:07.0,207060,2023-08-27 14:13:07.0,85851.0,2023-08-27 14:13:07.0,471.8616750506715,2023-08-27 14:13:07.0,980.0,4,2023-08-27 14:13:07.0,69.46666666666665
2023-08-27 14:13:13.0,0.22211019817890684,2023-08-27 14:13:13.0,68.26666666666665,2023-08-27 14:13:13.0,8,2023-08-27 14:13:13.0,91.67060517221387,2023-08-27 14:13:13.0,207420,2023-08-27 14:13:13.0,86327.0,2023-08-27 14:13:13.0,473.66118327917735,2023-08-27 14:13:13.0,980.0,4,2023-08-27 14:13:13.0,68.26666666666665
2023-08-27 14:13:19.0,0.22185924562384654,2023-08-27 14:13:19.0,66.86666666666666,2023-08-27 14:13:19.0,8,2023-08-27 14:13:19.0,91.69499162627368,2023-08-27 14:13:19.0,209220,2023-08-27 14:13:19.0,86729.0,2023-08-27 14:13:19.0,477.11354325273516,2023-08-27 14:13:19.0,980.0,4,2023-08-27 14:13:19.0,66.86666666666666
2023-08-27 14:13:25.0,0.20411352309771819,2023-08-27 14:13:25.0,63.73333333333333,2023-08-27 14:13:25.0,8,2023-08-27 14:13:25.0,91.71603051665993,2023-08-27 14:13:25.0,209580,2023-08-27 14:13:25.0,87069.0,2023-08-27 14:13:25.0,483.27226763386483,2023-08-27 14:13:25.0,980.0,4,2023-08-27 14:13:25.0,63.73333333333333
2023-08-27 14:13:31.0,0.2252973412489232,2023-08-27 14:13:31.0,61.533333333333324,2023-08-27 14:13:31.0,8,2023-08-27 14:13:31.0,91.73857674292482,2023-08-27 14:13:31.0,210300,2023-08-27 14:13:31.0,87385.0,2023-08-27 14:13:31.0,485.1917857079751,2023-08-27 14:13:31.0,980.0,4,2023-08-27 14:13:31.0,61.533333333333324
2023-08-27 14:13:37.0,0.22825316406065965,2023-08-27 14:13:38.0,63.39999999999999,2023-08-27 14:13:38.0,8,2023-08-27 14:13:38.0,91.76949922836144,2023-08-27 14:13:38.0,210660,2023-08-27 14:13:38.0,87797.0,2023-08-27 14:13:38.0,485.3292746999011,2023-08-27 14:13:38.0,980.0,4,2023-08-27 14:13:38.0,63.39999999999999
2023-08-27 14:13:44.0,0.22821492028719925,2023-08-27 14:13:44.0,68.06666666666666,2023-08-27 14:13:44.0,8,2023-08-27 14:13:44.0,91.80368597690637,2023-08-27 14:13:44.0,211020,2023-08-27 14:13:44.0,88285.0,2023-08-27 14:13:44.0,478.205090075867,2023-08-27 14:13:44.0,979.9999999999999,4,2023-08-27 14:13:44.0,68.06666666666666
2023-08-27 14:13:50.0,0.2380661286439221,2023-08-27 14:13:50.0,71.33333333333334,2023-08-27 14:13:50.0,8,2023-08-27 14:13:50.0,91.83044504390146,2023-08-27 14:13:50.0,211380,2023-08-27 14:13:50.0,88737.0,2023-08-27 14:13:50.0,479.6220975080905,2023-08-27 14:13:50.0,979.9999999999999,4,2023-08-27 14:13:50.0,71.33333333333334
2023-08-27 14:13:56.0,0.22575115460867887,2023-08-27 14:13:56.0,69.66666666666666,2023-08-27 14:13:56.0,8,2023-08-27 14:13:56.0,91.85389366273638,2023-08-27 14:13:56.0,211740,2023-08-27 14:13:56.0,89113.0,2023-08-27 14:13:56.0,481.2701532833886,2023-08-27 14:13:56.0,979.9999999999999,4,2023-08-27 14:13:56.0,69.66666666666666
2023-08-27 14:14:02.0,0.2126608059638989,2023-08-27 14:14:02.0,70.26666666666667,2023-08-27 14:14:02.0,8,2023-08-27 14:14:02.0,91.87715425386449,2023-08-27 14:14:02.0,212460,2023-08-27 14:14:02.0,89466.0,2023-08-27 14:14:02.0,477.6889276358462,2023-08-27 14:14:02.0,980.0,4,2023-08-27 14:14:02.0,70.26666666666667
2023-08-27 14:14:08.0,0.233940751106301,2023-08-27 14:14:08.0,68.19999999999999,2023-08-27 14:14:08.0,8,2023-08-27 14:14:08.0,91.90796329049692,2023-08-27 14:14:08.0,212820,2023-08-27 14:14:08.0,89889.0,2023-08-27 14:14:08.0,474.35094943121015,2023-08-27 14:14:08.0,979.9999999999999,4,2023-08-27 14:14:08.0,68.19999999999999
2023-08-27 14:14:14.0,0.22806725975831646,2023-08-27 14:14:14.0,68.39999999999999,2023-08-27 14:14:14.0,8,2023-08-27 14:14:14.0,91.94097486828518,2023-08-27 14:14:14.0,213180,2023-08-27 14:14:14.0,90374.0,2023-08-27 14:14:14.0,471.76839634142976,2023-08-27 14:14:14.0,980.0,4,2023-08-27 14:14:14.0,68.39999999999999
2023-08-27 14:14:20.0,0.24882544209317892,2023-08-27 14:14:20.0,71.66666666666666,2023-08-27 14:14:20.0,8,2023-08-27 14:14:20.0,91.96853800777846,2023-08-27 14:14:20.0,214980,2023-08-27 14:14:20.0,90846.0,2023-08-27 14:14:20.0,481.73613119219834,2023-08-27 14:14:20.0,979.9999999999999,4,2023-08-27 14:14:20.0,71.66666666666666
2023-08-27 14:14:26.0,0.25801996051750115,2023-08-27 14:14:26.0,73.13333333333333,2023-08-27 14:14:26.0,8,2023-08-27 14:14:26.0,91.99383228454533,2023-08-27 14:14:26.0,215340,2023-08-27 14:14:26.0,91254.0,2023-08-27 14:14:26.0,482.27422362511294,2023-08-27 14:14:26.0,980.0,4,2023-08-27 14:14:26.0,73.13333333333333
2023-08-27 14:14:32.0,0.25018026418299494,2023-08-27 14:14:32.0,73.66666666666666,2023-08-27 14:14:32.0,8,2023-08-27 14:14:32.0,92.01707923519173,2023-08-27 14:14:32.0,216060,2023-08-27 14:14:32.0,91617.0,2023-08-27 14:14:32.0,483.99143713196,2023-08-27 14:14:32.0,980.0000000000001,4,2023-08-27 14:14:32.0,73.66666666666666
2023-08-27 14:14:38.0,0.2516575909270996,2023-08-27 14:14:38.0,72.06666666666666,2023-08-27 14:14:38.0,8,2023-08-27 14:14:38.0,92.04838098234826,2023-08-27 14:14:38.0,216420,2023-08-27 14:14:38.0,92066.0,2023-08-27 14:14:38.0,481.16012408883023,2023-08-27 14:14:38.0,980.0,4,2023-08-27 14:14:38.0,72.06666666666666
2023-08-27 14:14:44.0,0.24341375135193372,2023-08-27 14:14:44.0,74.46666666666665,2023-08-27 14:14:44.0,8,2023-08-27 14:14:44.0,92.08153790181633,2023-08-27 14:14:44.0,216780,2023-08-27 14:14:44.0,92589.0,2023-08-27 14:14:44.0,483.99772712601947,2023-08-27 14:14:44.0,979.9999999999999,4,2023-08-27 14:14:44.0,74.8
2023-08-27 14:14:50.0,0.2402652750646638,2023-08-27 14:14:50.0,75.73333333333332,2023-08-27 14:14:50.0,8,2023-08-27 14:14:50.0,92.10983296429207,2023-08-27 14:14:50.0,217140,2023-08-27 14:14:50.0,93109.0,2023-08-27 14:14:50.0,479.8709779849891,2023-08-27 14:14:50.0,980.0,4,2023-08-27 14:14:50.0,75.73333333333332
2023-08-27 14:14:56.0,0.23653663192331292,2023-08-27 14:14:56.0,73.73333333333333,2023-08-27 14:14:56.0,8,2023-08-27 14:14:56.0,92.13200232944749,2023-08-27 14:14:56.0,217500,2023-08-27 14:14:56.0,93463.0,2023-08-27 14:14:56.0,480.1016181182345,2023-08-27 14:14:56.0,980.0,4,2023-08-27 14:14:56.0,73.73333333333333
2023-08-27 14:15:02.0,0.2482871057906831,2023-08-27 14:15:02.0,70.86666666666666,2023-08-27 14:15:02.0,8,2023-08-27 14:15:02.0,92.15337440609532,2023-08-27 14:15:02.0,218220,2023-08-27 14:15:02.0,93794.0,2023-08-27 14:15:02.0,484.6103817234023,2023-08-27 14:15:02.0,980.0,4,2023-08-27 14:15:02.0,70.86666666666666
2023-08-27 14:15:08.0,0.2433749943268599,2023-08-27 14:15:08.0,69.6,2023-08-27 14:15:08.0,8,2023-08-27 14:15:08.0,92.18331451875076,2023-08-27 14:15:08.0,218580,2023-08-27 14:15:08.0,94242.0,2023-08-27 14:15:08.0,482.50008539163343,2023-08-27 14:15:08.0,980.0000000000001,4,2023-08-27 14:15:08.0,69.6
2023-08-27 14:15:14.0,0.2259468565504659,2023-08-27 14:15:14.0,73.73031211818284,2023-08-27 14:15:14.0,8,2023-08-27 14:15:14.0,92.21799809360454,2023-08-27 14:15:14.0,218940,2023-08-27 14:15:14.0,94811.0,2023-08-27 14:15:14.0,475.24543959023237,2023-08-27 14:15:14.0,980.0000000000001,4,2023-08-27 14:15:14.0,73.73031211818284
2023-08-27 14:15:20.0,0.2432298380302919,2023-08-27 14:15:20.0,76.73333333333333,2023-08-27 14:15:20.0,8,2023-08-27 14:15:20.0,92.24321447581303,2023-08-27 14:15:20.0,220740,2023-08-27 14:15:20.0,95293.0,2023-08-27 14:15:20.0,480.2709161924723,2023-08-27 14:15:20.0,980.0,4,2023-08-27 14:15:20.0,76.73333333333333
2023-08-27 14:15:26.0,0.24471066957573312,2023-08-27 14:15:26.0,74.86666666666667,2023-08-27 14:15:26.0,8,2023-08-27 14:15:26.0,92.26471505582732,2023-08-27 14:15:26.0,221100,2023-08-27 14:15:26.0,95647.0,2023-08-27 14:15:26.0,476.6122895715473,2023-08-27 14:15:26.0,980.0,4,2023-08-27 14:15:26.0,74.86666666666667
2023-08-27 14:15:32.0,0.2509285451505333,2023-08-27 14:15:32.0,72.00326775591864,2023-08-27 14:15:32.0,8,2023-08-27 14:15:32.0,92.28615612309132,2023-08-27 14:15:32.0,221820,2023-08-27 14:15:32.0,95998.0,2023-08-27 14:15:32.0,480.6169879551009,2023-08-27 14:15:32.0,979.9999999999999,4,2023-08-27 14:15:32.0,72.00326775591864
2023-08-27 14:15:38.0,0.23633527356073547,2023-08-27 14:15:38.0,72.2,2023-08-27 14:15:38.0,8,2023-08-27 14:15:38.0,92.31577210854827,2023-08-27 14:15:38.0,222180,2023-08-27 14:15:38.0,96463.0,2023-08-27 14:15:38.0,478.38077315134404,2023-08-27 14:15:38.0,979.9999999999999,4,2023-08-27 14:15:38.0,72.2
2023-08-27 14:15:44.0,0.2226842359527925,2023-08-27 14:15:44.0,73.6,2023-08-27 14:15:44.0,8,2023-08-27 14:15:44.0,92.34854338905123,2023-08-27 14:15:44.0,222540,2023-08-27 14:15:44.0,97008.0,2023-08-27 14:15:44.0,478.92801020491333,2023-08-27 14:15:44.0,980.0,4,2023-08-27 14:15:44.0,73.6
2023-08-27 14:15:50.0,0.25354322329249124,2023-08-27 14:15:50.0,72.26666666666665,2023-08-27 14:15:50.0,8,2023-08-27 14:15:50.0,92.37068918545192,2023-08-27 14:15:50.0,222900,2023-08-27 14:15:50.0,97449.0,2023-08-27 14:15:50.0,476.06700407051477,2023-08-27 14:15:50.0,980.0,4,2023-08-27 14:15:50.0,72.26666666666665
2023-08-27 14:15:56.0,0.2559113243567044,2023-08-27 14:15:56.0,69.33333333333333,2023-08-27 14:15:56.0,8,2023-08-27 14:15:56.0,92.39061625028461,2023-08-27 14:15:56.0,223260,2023-08-27 14:15:56.0,97782.0,2023-08-27 14:15:56.0,482.5331534414871,2023-08-27 14:15:56.0,979.9999999999999,4,2023-08-27 14:15:56.0,69.33333333333333
2023-08-27 14:16:02.0,0.24507092869302785,2023-08-27 14:16:02.0,66.6,2023-08-27 14:16:02.0,8,2023-08-27 14:16:02.0,92.40911656460544,2023-08-27 14:16:02.0,223980,2023-08-27 14:16:02.0,98097.0,2023-08-27 14:16:02.0,477.876803895526,2023-08-27 14:16:02.0,980.0,4,2023-08-27 14:16:02.0,66.6
2023-08-27 14:16:08.0,0.23908800063355498,2023-08-27 14:16:08.0,68.26666666666667,2023-08-27 14:16:08.0,8,2023-08-27 14:16:08.0,92.43717654718805,2023-08-27 14:16:08.0,224340,2023-08-27 14:16:08.0,98551.0,2023-08-27 14:16:08.0,482.34786593081117,2023-08-27 14:16:08.0,980.0000000000001,4,2023-08-27 14:16:08.0,68.26666666666667
2023-08-27 14:16:14.0,0.22523748921366007,2023-08-27 14:16:14.0,69.93333333333332,2023-08-27 14:16:14.0,8,2023-08-27 14:16:14.0,92.46768291646961,2023-08-27 14:16:14.0,224700,2023-08-27 14:16:14.0,99073.0,2023-08-27 14:16:14.0,483.2251565676179,2023-08-27 14:16:14.0,979.9999999999999,4,2023-08-27 14:16:14.0,69.93333333333332
2023-08-27 14:16:20.0,0.24784755270547934,2023-08-27 14:16:20.0,68.66666666666666,2023-08-27 14:16:20.0,8,2023-08-27 14:16:20.0,92.4873055621447,2023-08-27 14:16:20.0,226500,2023-08-27 14:16:20.0,99488.0,2023-08-27 14:16:20.0,483.5678834013572,2023-08-27 14:16:20.0,980.0,4,2023-08-27 14:16:20.0,68.66666666666666
2023-08-27 14:16:26.0,0.2338908457002591,2023-08-27 14:16:26.0,68.26666666666667,2023-08-27 14:16:26.0,8,2023-08-27 14:16:26.0,92.50703094011035,2023-08-27 14:16:26.0,226860,2023-08-27 14:16:26.0,99824.0,2023-08-27 14:16:26.0,479.58273121338584,2023-08-27 14:16:26.0,980.0,4,2023-08-27 14:16:26.0,68.26666666666667
2023-08-27 14:16:32.0,0.2408181706159248,2023-08-27 14:16:32.0,70.33333333333333,2023-08-27 14:16:32.0,8,2023-08-27 14:16:32.0,92.52865499671428,2023-08-27 14:16:32.0,227580,2023-08-27 14:16:32.0,100210.0,2023-08-27 14:16:32.0,476.02226659227904,2023-08-27 14:16:32.0,980.0000000000001,4,2023-08-27 14:16:32.0,70.33333333333333
2023-08-27 14:16:38.0,0.23669437611578534,2023-08-27 14:16:38.0,71.66666666666666,2023-08-27 14:16:38.0,8,2023-08-27 14:16:38.0,92.55558457862126,2023-08-27 14:16:38.0,227940,2023-08-27 14:16:38.0,100696.0,2023-08-27 14:16:38.0,476.4026975385364,2023-08-27 14:16:38.0,979.9999999999999,4,2023-08-27 14:16:38.0,71.66666666666666
2023-08-27 14:16:44.0,0.21772927946184656,2023-08-27 14:16:44.0,72.06666666666666,2023-08-27 14:16:44.0,8,2023-08-27 14:16:44.0,92.58528134990647,2023-08-27 14:16:44.0,228300,2023-08-27 14:16:44.0,101183.0,2023-08-27 14:16:44.0,480.4055580399634,2023-08-27 14:16:44.0,979.9999999999999,4,2023-08-27 14:16:44.0,72.06666666666666
2023-08-27 14:16:50.0,0.24941827941321942,2023-08-27 14:16:50.0,72.2,2023-08-27 14:16:50.0,8,2023-08-27 14:16:50.0,92.60683600493752,2023-08-27 14:16:50.0,228660,2023-08-27 14:16:50.0,101656.0,2023-08-27 14:16:50.0,474.72074404209974,2023-08-27 14:16:50.0,980.0000000000001,4,2023-08-27 14:16:50.0,72.2
2023-08-27 14:16:56.0,0.22320487928609709,2023-08-27 14:16:56.0,73.73333333333333,2023-08-27 14:16:56.0,8,2023-08-27 14:16:56.0,92.62833500618764,2023-08-27 14:16:56.0,229020,2023-08-27 14:16:56.0,102033.0,2023-08-27 14:16:56.0,477.80093833244285,2023-08-27 14:16:56.0,980.0,4,2023-08-27 14:16:56.0,73.73333333333333
2023-08-27 14:17:02.0,0.2260032560728366,2023-08-27 14:17:02.0,74.73333333333333,2023-08-27 14:17:02.0,8,2023-08-27 14:17:02.0,92.64884625087461,2023-08-27 14:17:02.0,229740,2023-08-27 14:17:02.0,102409.0,2023-08-27 14:17:02.0,476.45561180448965,2023-08-27 14:17:02.0,980.0,4,2023-08-27 14:17:02.0,74.73333333333333
2023-08-27 14:17:08.0,0.25627197279223635,2023-08-27 14:17:08.0,73.13333333333333,2023-08-27 14:17:08.0,8,2023-08-27 14:17:08.0,92.67531687365981,2023-08-27 14:17:08.0,230100,2023-08-27 14:17:08.0,102896.0,2023-08-27 14:17:08.0,478.82329602965376,2023-08-27 14:17:08.0,980.0000000000001,4,2023-08-27 14:17:08.0,73.13333333333333
2023-08-27 14:17:14.0,0.2482079971593823,2023-08-27 14:17:14.0,71.6,2023-08-27 14:17:14.0,8,2023-08-27 14:17:14.0,92.70472022182614,2023-08-27 14:17:14.0,230460,2023-08-27 14:17:14.0,103393.0,2023-08-27 14:17:14.0,482.8942878450916,2023-08-27 14:17:14.0,980.0000000000001,4,2023-08-27 14:17:14.0,71.6
2023-08-27 14:17:20.0,0.25771057295254035,2023-08-27 14:17:20.0,67.86666666666666,2023-08-27 14:17:20.0,8,2023-08-27 14:17:20.0,92.72179096246401,2023-08-27 14:17:20.0,232260,2023-08-27 14:17:20.0,103786.0,2023-08-27 14:17:20.0,482.04947514511235,2023-08-27 14:17:20.0,980.0,4,2023-08-27 14:17:20.0,67.86666666666666
2023-08-27 14:17:26.0,0.2276631882152839,2023-08-27 14:17:26.0,64.13333333333333,2023-08-27 14:17:26.0,8,2023-08-27 14:17:26.0,92.73878589414252,2023-08-27 14:17:26.0,232620,2023-08-27 14:17:26.0,104094.0,2023-08-27 14:17:26.0,488.3886609751724,2023-08-27 14:17:26.0,980.0,4,2023-08-27 14:17:26.0,64.13333333333333
2023-08-27 14:17:32.0,0.24450539651302255,2023-08-27 14:17:32.0,63.33333333333333,2023-08-27 14:17:32.0,8,2023-08-27 14:17:32.0,92.7555374307649,2023-08-27 14:17:32.0,233340,2023-08-27 14:17:32.0,104421.0,2023-08-27 14:17:32.0,482.1409867130694,2023-08-27 14:17:32.0,980.0,4,2023-08-27 14:17:32.0,63.33333333333333
2023-08-27 14:17:38.0,0.24513151590351,2023-08-27 14:17:38.0,63.599999999999994,2023-08-27 14:17:38.0,8,2023-08-27 14:17:38.0,92.7787074467459,2023-08-27 14:17:38.0,233700,2023-08-27 14:17:38.0,104853.0,2023-08-27 14:17:38.0,482.00449669109355,2023-08-27 14:17:38.0,980.0,4,2023-08-27 14:17:38.0,63.599999999999994
2023-08-27 14:17:44.0,0.21992015161969997,2023-08-27 14:17:44.0,66.46666666666667,2023-08-27 14:17:44.0,8,2023-08-27 14:17:44.0,92.80656117336761,2023-08-27 14:17:44.0,234060,2023-08-27 14:17:44.0,105339.0,2023-08-27 14:17:44.0,479.64686011549355,2023-08-27 14:17:44.0,980.0,4,2023-08-27 14:17:44.0,66.46666666666667
2023-08-27 14:17:50.0,0.23251132639945793,2023-08-27 14:17:50.0,69.73333333333333,2023-08-27 14:17:50.0,8,2023-08-27 14:17:50.0,92.82622093111776,2023-08-27 14:17:50.0,234420,2023-08-27 14:17:50.0,105787.0,2023-08-27 14:17:50.0,476.0482696698579,2023-08-27 14:17:50.0,980.0,4,2023-08-27 14:17:50.0,69.73333333333333
2023-08-27 14:17:56.0,0.2214591246710102,2023-08-27 14:17:56.0,68.46666666666665,2023-08-27 14:17:56.0,8,2023-08-27 14:17:56.0,92.84385547489157,2023-08-27 14:17:56.0,234780,2023-08-27 14:17:56.0,106129.0,2023-08-27 14:17:56.0,477.8883944692703,2023-08-27 14:17:56.0,979.9999999999999,4,2023-08-27 14:17:56.0,68.46666666666665
2023-08-27 14:18:02.0,0.23799218211909604,2023-08-27 14:18:02.0,68.26666666666667,2023-08-27 14:18:02.0,8,2023-08-27 14:18:02.0,92.86038299042944,2023-08-27 14:18:02.0,235500,2023-08-27 14:18:02.0,106451.0,2023-08-27 14:18:02.0,478.37766226968205,2023-08-27 14:18:02.0,979.9999999999999,4,2023-08-27 14:18:02.0,68.26666666666667
2023-08-27 14:18:08.0,0.22565509528648878,2023-08-27 14:18:08.0,68.33333333333333,2023-08-27 14:18:08.0,8,2023-08-27 14:18:08.0,92.88536696901247,2023-08-27 14:18:08.0,235860,2023-08-27 14:18:08.0,106940.0,2023-08-27 14:18:08.0,480.5020884877233,2023-08-27 14:18:08.0,980.0,4,2023-08-27 14:18:08.0,68.33333333333333
2023-08-27 14:18:14.0,0.18775995946035307,2023-08-27 14:18:14.0,70.0,2023-08-27 14:18:14.0,8,2023-08-27 14:18:14.0,92.91261602361148,2023-08-27 14:18:14.0,236220,2023-08-27 14:18:14.0,107425.0,2023-08-27 14:18:14.0,479.51336322485645,2023-08-27 14:18:14.0,980.0,4,2023-08-27 14:18:14.0,69.99999999999999
2023-08-27 14:18:20.0,0.23623613675825283,2023-08-27 14:18:20.0,70.86666666666666,2023-08-27 14:18:20.0,8,2023-08-27 14:18:20.0,92.93081363432995,2023-08-27 14:18:20.0,238020,2023-08-27 14:18:20.0,107862.0,2023-08-27 14:18:20.0,474.56167350751355,2023-08-27 14:18:20.0,980.0,4,2023-08-27 14:18:20.0,70.86666666666666
2023-08-27 14:18:26.0,0.23147944430925707,2023-08-27 14:18:26.0,70.99999999999999,2023-08-27 14:18:26.0,8,2023-08-27 14:18:26.0,92.94952501303541,2023-08-27 14:18:26.0,238380,2023-08-27 14:18:26.0,108226.0,2023-08-27 14:18:26.0,469.44494545403325,2023-08-27 14:18:26.0,980.0,4,2023-08-27 14:18:26.0,70.99999999999999
2023-08-27 14:18:32.0,0.22087041351889247,2023-08-27 14:18:32.0,71.06666666666666,2023-08-27 14:18:32.0,8,2023-08-27 14:18:32.0,92.96724812071602,2023-08-27 14:18:32.0,239100,2023-08-27 14:18:32.0,108582.0,2023-08-27 14:18:32.0,468.0155291215799,2023-08-27 14:18:32.0,980.0000000000001,4,2023-08-27 14:18:32.0,71.06666666666666
2023-08-27 14:18:38.0,0.22884241569718713,2023-08-27 14:18:38.0,70.8,2023-08-27 14:18:38.0,8,2023-08-27 14:18:38.0,92.99109583790016,2023-08-27 14:18:38.0,239460,2023-08-27 14:18:38.0,109062.0,2023-08-27 14:18:38.0,467.65362316899626,2023-08-27 14:18:38.0,980.0,4,2023-08-27 14:18:38.0,70.8
2023-08-27 14:18:44.0,0.21989237946443893,2023-08-27 14:18:44.0,71.8,2023-08-27 14:18:44.0,8,2023-08-27 14:18:44.0,93.01842276915185,2023-08-27 14:18:44.0,239820,2023-08-27 14:18:44.0,109568.0,2023-08-27 14:18:44.0,474.16513633024,2023-08-27 14:18:44.0,980.0,4,2023-08-27 14:18:44.0,71.8
2023-08-27 14:18:50.0,0.2470033534903714,2023-08-27 14:18:50.0,73.19999999999999,2023-08-27 14:18:50.0,8,2023-08-27 14:18:50.0,93.03765365250591,2023-08-27 14:18:50.0,240180,2023-08-27 14:18:50.0,110031.0,2023-08-27 14:18:50.0,475.67984136991106,2023-08-27 14:18:50.0,979.9999999999999,4,2023-08-27 14:18:50.0,73.19999999999999
2023-08-27 14:18:56.0,0.2435925682907987,2023-08-27 14:18:56.0,70.13333333333333,2023-08-27 14:18:56.0,8,2023-08-27 14:18:56.0,93.05387648708869,2023-08-27 14:18:56.0,240540,2023-08-27 14:18:56.0,110363.0,2023-08-27 14:18:56.0,477.003616320655,2023-08-27 14:18:56.0,979.9999999999999,4,2023-08-27 14:18:56.0,70.13333333333333
2023-08-27 14:19:02.0,0.23155995168270174,2023-08-27 14:19:02.0,70.26666666666667,2023-08-27 14:19:02.0,8,2023-08-27 14:19:02.0,93.07069835368907,2023-08-27 14:19:02.0,241260,2023-08-27 14:19:02.0,110710.0,2023-08-27 14:19:02.0,479.33684797239187,2023-08-27 14:19:02.0,979.9999999999999,4,2023-08-27 14:19:02.0,70.26666666666667
2023-08-27 14:19:08.0,0.24236818752588968,2023-08-27 14:19:08.0,71.06666666666666,2023-08-27 14:19:08.0,8,2023-08-27 14:19:08.0,93.09537733504114,2023-08-27 14:19:08.0,241620,2023-08-27 14:19:08.0,111219.0,2023-08-27 14:19:08.0,480.6094100524989,2023-08-27 14:19:08.0,980.0,4,2023-08-27 14:19:08.0,71.06666666666666
2023-08-27 14:19:14.0,0.22557221554084805,2023-08-27 14:19:14.0,72.66666666666667,2023-08-27 14:19:14.0,8,2023-08-27 14:19:14.0,93.12093106844578,2023-08-27 14:19:14.0,243420,2023-08-27 14:19:14.0,111709.0,2023-08-27 14:19:14.0,468.9074984826053,2023-08-27 14:19:14.0,980.0,4,2023-08-27 14:19:14.0,72.66666666666667
2023-08-27 14:19:20.0,0.2335389997328725,2023-08-27 14:19:20.0,72.4,2023-08-27 14:19:20.0,8,2023-08-27 14:19:20.0,93.1384237377789,2023-08-27 14:19:20.0,243780,2023-08-27 14:19:20.0,112146.0,2023-08-27 14:19:20.0,473.6176894085027,2023-08-27 14:19:20.0,980.0,4,2023-08-27 14:19:20.0,72.4
2023-08-27 14:19:26.0,0.21835981846556876,2023-08-27 14:19:26.0,70.97051997519709,2023-08-27 14:19:26.0,8,2023-08-27 14:19:26.0,93.15525581701203,2023-08-27 14:19:26.0,244140,2023-08-27 14:19:26.0,112494.0,2023-08-27 14:19:26.0,470.44185996658194,2023-08-27 14:19:26.0,979.9999999999999,4,2023-08-27 14:19:26.0,70.97051997519709
2023-08-27 14:19:32.0,0.2425133632234738,2023-08-27 14:19:32.0,70.0,2023-08-27 14:19:32.0,8,2023-08-27 14:19:32.0,93.17155393506809,2023-08-27 14:19:32.0,244860,2023-08-27 14:19:32.0,112845.0,2023-08-27 14:19:32.0,478.3307745147764,2023-08-27 14:19:32.0,980.0,4,2023-08-27 14:19:32.0,70.0
2023-08-27 14:19:38.0,0.23532988614271236,2023-08-27 14:19:38.0,68.36371420925876,2023-08-27 14:19:38.0,8,2023-08-27 14:19:38.0,93.20023006938024,2023-08-27 14:19:38.0,245220,2023-08-27 14:19:38.0,113405.0,2023-08-27 14:19:38.0,478.0617607854921,2023-08-27 14:19:38.0,979.9999999999999,4,2023-08-27 14:19:38.0,68.36371420925876
2023-08-27 14:19:44.0,0.22421011644319042,2023-08-27 14:19:44.0,69.39999999999999,2023-08-27 14:19:44.0,8,2023-08-27 14:19:44.0,93.21889445474866,2023-08-27 14:19:44.0,245580,2023-08-27 14:19:44.0,113800.0,2023-08-27 14:19:44.0,476.63774269696796,2023-08-27 14:19:44.0,980.0,4,2023-08-27 14:19:44.0,69.39999999999999
2023-08-27 14:19:50.0,0.22121165802026785,2023-08-27 14:19:50.0,69.6,2023-08-27 14:19:50.0,8,2023-08-27 14:19:50.0,93.23465381093217,2023-08-27 14:19:50.0,245940,2023-08-27 14:19:50.0,114224.0,2023-08-27 14:19:50.0,474.28910816477025,2023-08-27 14:19:50.0,979.9999999999999,4,2023-08-27 14:19:50.0,69.6
2023-08-27 14:19:56.0,0.22730313230990198,2023-08-27 14:19:56.0,69.6,2023-08-27 14:19:56.0,8,2023-08-27 14:19:56.0,93.25111467054758,2023-08-27 14:19:56.0,246300,2023-08-27 14:19:56.0,114579.0,2023-08-27 14:19:56.0,470.8203670930919,2023-08-27 14:19:56.0,979.9999999999999,4,2023-08-27 14:19:56.0,69.6
2023-08-27 14:20:02.0,0.23312795653931848,2023-08-27 14:20:02.0,69.2,2023-08-27 14:20:02.0,8,2023-08-27 14:20:02.0,93.26676938315802,2023-08-27 14:20:02.0,247020,2023-08-27 14:20:02.0,114919.0,2023-08-27 14:20:02.0,473.3960002007828,2023-08-27 14:20:02.0,980.0,4,2023-08-27 14:20:02.0,69.2
2023-08-27 14:20:08.0,0.21918626926904572,2023-08-27 14:20:08.0,70.39999999999999,2023-08-27 14:20:08.0,8,2023-08-27 14:20:08.0,93.29533952334117,2023-08-27 14:20:08.0,247380,2023-08-27 14:20:08.0,115495.0,2023-08-27 14:20:08.0,473.7655483771457,2023-08-27 14:20:08.0,979.9999999999999,4,2023-08-27 14:20:08.0,70.39999999999999
2023-08-27 14:20:14.0,0.2250143034468588,2023-08-27 14:20:14.0,68.66666666666666,2023-08-27 14:20:14.0,8,2023-08-27 14:20:14.0,93.31255896968833,2023-08-27 14:20:14.0,249180,2023-08-27 14:20:14.0,115878.0,2023-08-27 14:20:14.0,480.2660525507327,2023-08-27 14:20:14.0,980.0000000000001,4,2023-08-27 14:20:14.0,68.66666666666666
2023-08-27 14:20:20.0,0.22166259621030826,2023-08-27 14:20:20.0,69.53333333333335,2023-08-27 14:20:20.0,8,2023-08-27 14:20:20.0,93.32891181803973,2023-08-27 14:20:20.0,249540,2023-08-27 14:20:20.0,116319.0,2023-08-27 14:20:20.0,480.66163980057235,2023-08-27 14:20:20.0,980.0,4,2023-08-27 14:20:20.0,69.53333333333335
2023-08-27 14:20:26.0,0.21920667312054204,2023-08-27 14:20:26.0,71.79999999999998,2023-08-27 14:20:26.0,8,2023-08-27 14:20:26.0,93.3453566268686,2023-08-27 14:20:26.0,249900,2023-08-27 14:20:26.0,116685.0,2023-08-27 14:20:26.0,477.0866312314047,2023-08-27 14:20:26.0,979.9999999999999,4,2023-08-27 14:20:26.0,71.79999999999998
2023-08-27 14:20:32.0,0.24161789015734345,2023-08-27 14:20:32.0,70.86666666666667,2023-08-27 14:20:32.0,8,2023-08-27 14:20:32.0,93.36594159825385,2023-08-27 14:20:32.0,250620,2023-08-27 14:20:32.0,117069.0,2023-08-27 14:20:32.0,477.33371925727346,2023-08-27 14:20:32.0,980.0,4,2023-08-27 14:20:32.0,70.86666666666667
2023-08-27 14:20:38.0,0.23197049875077272,2023-08-27 14:20:38.0,71.19999999999999,2023-08-27 14:20:38.0,8,2023-08-27 14:20:38.0,93.38784431410534,2023-08-27 14:20:38.0,250980,2023-08-27 14:20:38.0,117596.0,2023-08-27 14:20:38.0,481.20944822654656,2023-08-27 14:20:38.0,980.0,4,2023-08-27 14:20:38.0,71.2
2023-08-27 14:20:44.0,0.22234058485473548,2023-08-27 14:20:44.0,71.26666666666667,2023-08-27 14:20:44.0,8,2023-08-27 14:20:44.0,93.40596572903887,2023-08-27 14:20:44.0,251340,2023-08-27 14:20:44.0,118008.0,2023-08-27 14:20:44.0,478.899666304242,2023-08-27 14:20:44.0,980.0,4,2023-08-27 14:20:44.0,71.26666666666667
2023-08-27 14:20:50.0,0.2337262992243988,2023-08-27 14:20:50.0,71.73333333333332,2023-08-27 14:20:50.0,8,2023-08-27 14:20:50.0,93.42246438998693,2023-08-27 14:20:50.0,251700,2023-08-27 14:20:50.0,118452.0,2023-08-27 14:20:50.0,481.7191441619255,2023-08-27 14:20:50.0,980.0000000000001,4,2023-08-27 14:20:50.0,71.73333333333333
2023-08-27 14:20:56.0,0.22512371949829735,2023-08-27 14:20:56.0,71.26666666666667,2023-08-27 14:20:56.0,8,2023-08-27 14:20:56.0,93.43781161894172,2023-08-27 14:20:56.0,252060,2023-08-27 14:20:56.0,118809.0,2023-08-27 14:20:56.0,489.55779588910696,2023-08-27 14:20:56.0,980.0,4,2023-08-27 14:20:56.0,71.26666666666667
2023-08-27 14:21:02.0,0.23060254608901223,2023-08-27 14:21:02.0,71.53333333333332,2023-08-27 14:21:02.0,8,2023-08-27 14:21:02.0,93.4579592792654,2023-08-27 14:21:02.0,252780,2023-08-27 14:21:02.0,119200.0,2023-08-27 14:21:02.0,487.69942043562963,2023-08-27 14:21:02.0,980.0,4,2023-08-27 14:21:02.0,71.53333333333332
2023-08-27 14:21:08.0,0.23299700357452763,2023-08-27 14:21:08.0,68.73333333333333,2023-08-27 14:21:08.0,8,2023-08-27 14:21:08.0,93.47934262737664,2023-08-27 14:21:08.0,253140,2023-08-27 14:21:08.0,119704.0,2023-08-27 14:21:08.0,483.1429896050074,2023-08-27 14:21:08.0,980.0,4,2023-08-27 14:21:08.0,68.73333333333333
2023-08-27 14:21:14.0,0.2398359289602538,2023-08-27 14:21:14.0,70.26666666666667,2023-08-27 14:21:14.0,8,2023-08-27 14:21:14.0,93.49654088886193,2023-08-27 14:21:14.0,254940,2023-08-27 14:21:14.0,120163.0,2023-08-27 14:21:14.0,483.7486834558434,2023-08-27 14:21:14.0,980.0000000000001,4,2023-08-27 14:21:14.0,70.26666666666667
2023-08-27 14:21:20.0,0.2357867630983313,2023-08-27 14:21:20.0,70.8,2023-08-27 14:21:20.0,8,2023-08-27 14:21:20.0,93.51181064321366,2023-08-27 14:21:20.0,255300,2023-08-27 14:21:20.0,120554.0,2023-08-27 14:21:20.0,483.091735419519,2023-08-27 14:21:20.0,980.0,4,2023-08-27 14:21:20.0,70.8
2023-08-27 14:21:26.0,0.23461695576678898,2023-08-27 14:21:26.0,69.4,2023-08-27 14:21:26.0,8,2023-08-27 14:21:26.0,93.527027673048,2023-08-27 14:21:26.0,255660,2023-08-27 14:21:26.0,120912.0,2023-08-27 14:21:26.0,482.5456685929178,2023-08-27 14:21:26.0,980.0000000000001,4,2023-08-27 14:21:26.0,69.4
2023-08-27 14:21:32.0,0.25770637433023713,2023-08-27 14:21:32.0,68.66666666666667,2023-08-27 14:21:32.0,7,2023-08-27 14:21:32.0,93.54596443697531,2023-08-27 14:21:32.0,256320,2023-08-27 14:21:32.0,116733.0,2023-08-27 14:21:32.0,479.389777138729,2023-08-27 14:21:32.0,980.0,4,2023-08-27 14:21:32.0,68.66666666666667
2023-08-27 14:21:38.0,0.2623234209753887,2023-08-27 14:21:38.0,67.93333333333334,2023-08-27 14:21:38.0,7,2023-08-27 14:21:38.0,93.56655288647016,2023-08-27 14:21:38.0,256620,2023-08-27 14:21:38.0,117219.0,2023-08-27 14:21:38.0,481.8784804420209,2023-08-27 14:21:38.0,980.0000000000001,4,2023-08-27 14:21:38.0,67.93333333333334
2023-08-27 14:21:44.0,0.260564522690955,2023-08-27 14:21:44.0,67.93333333333334,2023-08-27 14:21:44.0,7,2023-08-27 14:21:44.0,93.5826775910657,2023-08-27 14:21:44.0,256920,2023-08-27 14:21:44.0,117664.0,2023-08-27 14:21:44.0,481.6845154391657,2023-08-27 14:21:44.0,980.0,4,2023-08-27 14:21:44.0,67.93333333333334
2023-08-27 14:21:50.0,0.2589592180871311,2023-08-27 14:21:50.0,69.06408957611303,2023-08-27 14:21:50.0,7,2023-08-27 14:21:50.0,93.5974114825887,2023-08-27 14:21:50.0,257220,2023-08-27 14:21:50.0,118056.0,2023-08-27 14:21:50.0,475.08589293872666,2023-08-27 14:21:50.0,980.0,4,2023-08-27 14:21:50.0,69.06408957611303
2023-08-27 14:21:56.0,0.2617378003797951,2023-08-27 14:21:56.0,68.26666666666665,2023-08-27 14:21:56.0,7,2023-08-27 14:21:56.0,93.61095637982937,2023-08-27 14:21:56.0,257520,2023-08-27 14:21:56.0,118398.0,2023-08-27 14:21:56.0,476.0840422017698,2023-08-27 14:21:56.0,979.9999999999999,4,2023-08-27 14:21:56.0,68.26666666666665
2023-08-27 14:22:02.0,0.24543432206596638,2023-08-27 14:22:02.0,69.53333333333333,2023-08-27 14:22:02.0,7,2023-08-27 14:22:02.0,93.63056950556441,2023-08-27 14:22:02.0,258120,2023-08-27 14:22:02.0,118800.0,2023-08-27 14:22:02.0,474.1994049980928,2023-08-27 14:22:02.0,980.0,4,2023-08-27 14:22:02.0,69.53333333333333
2023-08-27 14:22:08.0,0.24767070066060048,2023-08-27 14:22:08.0,69.39999999999999,2023-08-27 14:22:08.0,7,2023-08-27 14:22:08.0,93.650782668635,2023-08-27 14:22:08.0,258420,2023-08-27 14:22:08.0,119289.0,2023-08-27 14:22:08.0,472.70606138072856,2023-08-27 14:22:08.0,980.0000000000001,4,2023-08-27 14:22:08.0,69.39999999999999
2023-08-27 14:22:14.0,0.2453583502912703,2023-08-27 14:22:14.0,68.46666666666667,2023-08-27 14:22:14.0,7,2023-08-27 14:22:14.0,93.66625549833091,2023-08-27 14:22:14.0,260160,2023-08-27 14:22:14.0,119719.0,2023-08-27 14:22:14.0,475.0613605219707,2023-08-27 14:22:14.0,979.9999999999999,4,2023-08-27 14:22:14.0,68.46666666666667
2023-08-27 14:22:20.0,0.27515122828839844,2023-08-27 14:22:20.0,68.53333333333333,2023-08-27 14:22:20.0,7,2023-08-27 14:22:20.0,93.68044875516,2023-08-27 14:22:20.0,260460,2023-08-27 14:22:20.0,120116.0,2023-08-27 14:22:20.0,474.3891150146136,2023-08-27 14:22:20.0,980.0000000000001,4,2023-08-27 14:22:20.0,68.53333333333333
2023-08-27 14:22:26.0,0.24230236777844277,2023-08-27 14:22:26.0,66.53333333333333,2023-08-27 14:22:26.0,7,2023-08-27 14:22:26.0,93.69285502851743,2023-08-27 14:22:26.0,261060,2023-08-27 14:22:26.0,120426.0,2023-08-27 14:22:26.0,476.790591933133,2023-08-27 14:22:26.0,980.0,4,2023-08-27 14:22:26.0,66.53333333333333
2023-08-27 14:22:32.0,0.2563520513228877,2023-08-27 14:22:32.0,65.8,2023-08-27 14:22:32.0,7,2023-08-27 14:22:32.0,93.71074787643973,2023-08-27 14:22:32.0,261360,2023-08-27 14:22:32.0,120808.0,2023-08-27 14:22:32.0,477.0437997289246,2023-08-27 14:22:32.0,980.0,4,2023-08-27 14:22:32.0,65.8
2023-08-27 14:22:38.0,0.2667333853067198,2023-08-27 14:22:38.0,69.06666666666666,2023-08-27 14:22:38.0,7,2023-08-27 14:22:38.0,93.73144028815207,2023-08-27 14:22:38.0,261660,2023-08-27 14:22:38.0,121319.0,2023-08-27 14:22:38.0,476.2612432356299,2023-08-27 14:22:38.0,980.0000000000001,4,2023-08-27 14:22:38.0,69.06666666666666
2023-08-27 14:22:44.0,0.23212719034266027,2023-08-27 14:22:44.0,68.86666666666667,2023-08-27 14:22:44.0,7,2023-08-27 14:22:44.0,93.74692959177223,2023-08-27 14:22:44.0,261960,2023-08-27 14:22:44.0,121759.0,2023-08-27 14:22:44.0,472.57514924879257,2023-08-27 14:22:44.0,980.0,4,2023-08-27 14:22:44.0,68.86666666666667
2023-08-27 14:22:50.0,0.2558983492533501,2023-08-27 14:22:50.0,67.46105188343994,2023-08-27 14:22:50.0,7,2023-08-27 14:22:50.0,93.75963613219177,2023-08-27 14:22:50.0,262260,2023-08-27 14:22:50.0,122132.0,2023-08-27 14:22:50.0,474.074897753918,2023-08-27 14:22:50.0,980.0,4,2023-08-27 14:22:50.0,67.46105188343994
2023-08-27 14:22:56.0,0.2610694446682866,2023-08-27 14:22:56.0,66.4,2023-08-27 14:22:56.0,7,2023-08-27 14:22:56.0,93.77201018127042,2023-08-27 14:22:56.0,262860,2023-08-27 14:22:56.0,122453.0,2023-08-27 14:22:56.0,479.0607589690393,2023-08-27 14:22:56.0,980.0000000000001,4,2023-08-27 14:22:56.0,66.4
2023-08-27 14:23:02.0,0.24001996972946327,2023-08-27 14:23:02.0,63.999999999999986,2023-08-27 14:23:02.0,7,2023-08-27 14:23:02.0,93.78888181449967,2023-08-27 14:23:02.0,263160,2023-08-27 14:23:02.0,122812.0,2023-08-27 14:23:02.0,481.4795892487052,2023-08-27 14:23:02.0,980.0,4,2023-08-27 14:23:02.0,64.0
2023-08-27 14:23:08.0,0.23767928226848983,2023-08-27 14:23:08.0,64.40451796513696,2023-08-27 14:23:08.0,7,2023-08-27 14:23:08.0,93.80734280015122,2023-08-27 14:23:08.0,263460,2023-08-27 14:23:08.0,123279.0,2023-08-27 14:23:08.0,484.29181155863006,2023-08-27 14:23:08.0,980.0,4,2023-08-27 14:23:08.0,64.40451796513696
2023-08-27 14:23:14.0,0.24663407401131907,2023-08-27 14:23:14.0,66.46666666666665,2023-08-27 14:23:14.0,7,2023-08-27 14:23:14.0,93.82269578478343,2023-08-27 14:23:14.0,265200,2023-08-27 14:23:14.0,123722.0,2023-08-27 14:23:14.0,479.53418163246647,2023-08-27 14:23:14.0,980.0,4,2023-08-27 14:23:14.0,66.46666666666665
2023-08-27 14:23:20.0,0.26151071771537615,2023-08-27 14:23:20.0,67.46666666666667,2023-08-27 14:23:20.0,7,2023-08-27 14:23:20.0,93.83513785780936,2023-08-27 14:23:20.0,265500,2023-08-27 14:23:20.0,124093.0,2023-08-27 14:23:20.0,477.29567999310683,2023-08-27 14:23:20.0,980.0000000000001,4,2023-08-27 14:23:20.0,67.46666666666667
2023-08-27 14:23:26.0,0.2317958120081093,2023-08-27 14:23:27.0,65.97735221756766,2023-08-27 14:23:27.0,7,2023-08-27 14:23:27.0,93.84784477046831,2023-08-27 14:23:27.0,266100,2023-08-27 14:23:27.0,124429.0,2023-08-27 14:23:27.0,475.8511872990495,2023-08-27 14:23:27.0,980.0,4,2023-08-27 14:23:27.0,65.97735221756766
2023-08-27 14:23:33.0,0.2447166972440832,2023-08-27 14:23:33.0,65.73333333333333,2023-08-27 14:23:33.0,7,2023-08-27 14:23:33.0,93.86432254872423,2023-08-27 14:23:33.0,266400,2023-08-27 14:23:33.0,124802.0,2023-08-27 14:23:33.0,475.9388901488595,2023-08-27 14:23:33.0,980.0,4,2023-08-27 14:23:33.0,65.73333333333333
2023-08-27 14:23:39.0,0.25053117813953685,2023-08-27 14:23:39.0,65.82624156139295,2023-08-27 14:23:39.0,7,2023-08-27 14:23:39.0,93.8825632023418,2023-08-27 14:23:39.0,266700,2023-08-27 14:23:39.0,125273.0,2023-08-27 14:23:39.0,469.01306754809787,2023-08-27 14:23:39.0,980.0,4,2023-08-27 14:23:39.0,65.82624156139295
2023-08-27 14:23:45.0,0.220514079441396,2023-08-27 14:23:45.0,67.19999999999999,2023-08-27 14:23:45.0,7,2023-08-27 14:23:45.0,93.8968611846983,2023-08-27 14:23:45.0,267000,2023-08-27 14:23:45.0,125709.0,2023-08-27 14:23:45.0,467.9868025712671,2023-08-27 14:23:45.0,980.0,4,2023-08-27 14:23:45.0,67.19999999999999
2023-08-27 14:23:51.0,0.25106467094831775,2023-08-27 14:23:51.0,65.80000000000001,2023-08-27 14:23:51.0,7,2023-08-27 14:23:51.0,93.90955990014778,2023-08-27 14:23:51.0,267300,2023-08-27 14:23:51.0,126076.0,2023-08-27 14:23:51.0,471.4749936329253,2023-08-27 14:23:51.0,979.9999999999999,4,2023-08-27 14:23:51.0,65.80000000000001
2023-08-27 14:23:57.0,0.25198399786629605,2023-08-27 14:23:57.0,67.06666666666666,2023-08-27 14:23:57.0,7,2023-08-27 14:23:57.0,93.92186632892673,2023-08-27 14:23:57.0,267900,2023-08-27 14:23:57.0,126420.0,2023-08-27 14:23:57.0,474.5953364231827,2023-08-27 14:23:57.0,980.0000000000001,4,2023-08-27 14:23:57.0,67.06666666666666
2023-08-27 14:24:03.0,0.26204627088204746,2023-08-27 14:24:03.0,66.26666666666667,2023-08-27 14:24:03.0,7,2023-08-27 14:24:03.0,93.938564642186,2023-08-27 14:24:03.0,268200,2023-08-27 14:24:03.0,126796.0,2023-08-27 14:24:03.0,479.01003559899647,2023-08-27 14:24:03.0,980.0,4,2023-08-27 14:24:03.0,66.26666666666667
2023-08-27 14:24:09.0,0.24872667914700308,2023-08-27 14:24:09.0,65.13333333333333,2023-08-27 14:24:09.0,7,2023-08-27 14:24:09.0,93.95571313552199,2023-08-27 14:24:09.0,268500,2023-08-27 14:24:09.0,127249.0,2023-08-27 14:24:09.0,481.04251672250086,2023-08-27 14:24:09.0,980.0,4,2023-08-27 14:24:09.0,65.13333333333333
2023-08-27 14:24:15.0,0.2343843591296574,2023-08-27 14:24:15.0,64.0,2023-08-27 14:24:15.0,7,2023-08-27 14:24:15.0,93.96902305623348,2023-08-27 14:24:15.0,270240,2023-08-27 14:24:15.0,127661.0,2023-08-27 14:24:15.0,474.53249203950554,2023-08-27 14:24:15.0,980.0,4,2023-08-27 14:24:15.0,64.0
2023-08-27 14:24:21.0,0.24316334584597665,2023-08-27 14:24:21.0,62.0,2023-08-27 14:24:21.0,7,2023-08-27 14:24:21.0,93.98001395277593,2023-08-27 14:24:21.0,270540,2023-08-27 14:24:21.0,128010.0,2023-08-27 14:24:21.0,477.4850692475662,2023-08-27 14:24:21.0,980.0,4,2023-08-27 14:24:21.0,62.0
2023-08-27 14:24:27.0,0.22623227585856606,2023-08-27 14:24:27.0,59.33333333333333,2023-08-27 14:24:27.0,7,2023-08-27 14:24:27.0,93.9900231674941,2023-08-27 14:24:27.0,271140,2023-08-27 14:24:27.0,128282.0,2023-08-27 14:24:27.0,481.1373663255344,2023-08-27 14:24:27.0,980.0,3,2023-08-27 14:24:27.0,59.33333333333333
2023-08-27 14:24:33.0,0.2499000052855466,2023-08-27 14:24:33.0,60.26666666666666,2023-08-27 14:24:33.0,7,2023-08-27 14:24:33.0,94.00584871451399,2023-08-27 14:24:33.0,271440,2023-08-27 14:24:33.0,128649.0,2023-08-27 14:24:33.0,481.302565221004,2023-08-27 14:24:33.0,980.0,3,2023-08-27 14:24:33.0,60.26666666666666
2023-08-27 14:24:39.0,0.24065216493541158,2023-08-27 14:24:39.0,63.400000000000006,2023-08-27 14:24:39.0,7,2023-08-27 14:24:39.0,94.02394518847987,2023-08-27 14:24:39.0,271740,2023-08-27 14:24:39.0,129151.0,2023-08-27 14:24:39.0,472.37116990179527,2023-08-27 14:24:39.0,980.0,4,2023-08-27 14:24:39.0,63.400000000000006
2023-08-27 14:24:45.0,0.22783883394000004,2023-08-27 14:24:45.0,63.0,2023-08-27 14:24:45.0,7,2023-08-27 14:24:45.0,94.03530602894863,2023-08-27 14:24:45.0,272040,2023-08-27 14:24:45.0,129547.0,2023-08-27 14:24:45.0,471.44302364405746,2023-08-27 14:24:45.0,980.0,4,2023-08-27 14:24:45.0,63.0
2023-08-27 14:24:51.0,0.241631605263819,2023-08-27 14:24:51.0,60.73333333333333,2023-08-27 14:24:51.0,7,2023-08-27 14:24:51.0,94.04587659862129,2023-08-27 14:24:51.0,272340,2023-08-27 14:24:51.0,129840.0,2023-08-27 14:24:51.0,472.6699443489175,2023-08-27 14:24:51.0,980.0,4,2023-08-27 14:24:51.0,60.73333333333333
2023-08-27 14:24:57.0,0.22503587143658718,2023-08-27 14:24:57.0,61.53333333333333,2023-08-27 14:24:57.0,7,2023-08-27 14:24:57.0,94.05630421164382,2023-08-27 14:24:57.0,272940,2023-08-27 14:24:57.0,130149.0,2023-08-27 14:24:57.0,474.3097478126371,2023-08-27 14:24:57.0,980.0,4,2023-08-27 14:24:57.0,61.53333333333333
2023-08-27 14:25:03.0,0.22690087123786493,2023-08-27 14:25:03.0,60.93333333333332,2023-08-27 14:25:03.0,7,2023-08-27 14:25:03.0,94.07125786913426,2023-08-27 14:25:03.0,273240,2023-08-27 14:25:03.0,130500.0,2023-08-27 14:25:03.0,479.24863926570424,2023-08-27 14:25:03.0,980.0,4,2023-08-27 14:25:03.0,60.93333333333332
2023-08-27 14:25:09.0,0.230947634670165,2023-08-27 14:25:09.0,62.33333333333333,2023-08-27 14:25:09.0,7,2023-08-27 14:25:09.0,94.08815710333911,2023-08-27 14:25:09.0,273540,2023-08-27 14:25:09.0,130980.0,2023-08-27 14:25:09.0,474.8016156946104,2023-08-27 14:25:09.0,980.0,4,2023-08-27 14:25:09.0,62.33333333333333
2023-08-27 14:25:15.0,0.22686503733297855,2023-08-27 14:25:15.0,62.59999999999999,2023-08-27 14:25:15.0,7,2023-08-27 14:25:15.0,94.09991017405811,2023-08-27 14:25:15.0,275280,2023-08-27 14:25:15.0,131392.0,2023-08-27 14:25:15.0,478.09915442735274,2023-08-27 14:25:15.0,980.0,4,2023-08-27 14:25:15.0,62.59999999999999
2023-08-27 14:25:21.0,0.2284512810251774,2023-08-27 14:25:21.0,63.73333333333333,2023-08-27 14:25:21.0,7,2023-08-27 14:25:21.0,94.11070497314962,2023-08-27 14:25:21.0,275580,2023-08-27 14:25:21.0,131714.0,2023-08-27 14:25:21.0,476.6675543070575,2023-08-27 14:25:21.0,980.0,4,2023-08-27 14:25:21.0,63.73333333333333
2023-08-27 14:25:27.0,0.23901970423134714,2023-08-27 14:25:27.0,66.96597488227316,2023-08-27 14:25:27.0,7,2023-08-27 14:25:27.0,94.12340218592485,2023-08-27 14:25:27.0,276180,2023-08-27 14:25:27.0,132070.0,2023-08-27 14:25:27.0,481.1167724920742,2023-08-27 14:25:27.0,980.0,4,2023-08-27 14:25:27.0,66.96597488227316
2023-08-27 14:25:33.0,0.22803249286272215,2023-08-27 14:25:33.0,68.53333333333333,2023-08-27 14:25:33.0,7,2023-08-27 14:25:33.0,94.1391408882177,2023-08-27 14:25:33.0,276480,2023-08-27 14:25:33.0,132465.0,2023-08-27 14:25:33.0,480.2633412963837,2023-08-27 14:25:33.0,980.0,4,2023-08-27 14:25:33.0,68.53333333333333
2023-08-27 14:25:39.0,0.2542361925614994,2023-08-27 14:25:39.0,71.30277674311233,2023-08-27 14:25:39.0,7,2023-08-27 14:25:39.0,94.1592298875497,2023-08-27 14:25:39.0,276780,2023-08-27 14:25:39.0,133033.0,2023-08-27 14:25:39.0,470.7729458872858,2023-08-27 14:25:39.0,980.0,4,2023-08-27 14:25:39.0,71.30277674311233
2023-08-27 14:25:45.0,0.23994058622366102,2023-08-27 14:25:45.0,68.39999999999999,2023-08-27 14:25:45.0,7,2023-08-27 14:25:45.0,94.17055163479948,2023-08-27 14:25:45.0,277080,2023-08-27 14:25:45.0,133445.0,2023-08-27 14:25:45.0,475.78335040769406,2023-08-27 14:25:45.0,980.0,4,2023-08-27 14:25:45.0,68.39999999999999
2023-08-27 14:25:51.0,0.250237334506902,2023-08-27 14:25:51.0,68.53333333333335,2023-08-27 14:25:51.0,7,2023-08-27 14:25:51.0,94.18173383720533,2023-08-27 14:25:51.0,277380,2023-08-27 14:25:51.0,133784.0,2023-08-27 14:25:51.0,473.202179061385,2023-08-27 14:25:51.0,980.0000000000001,4,2023-08-27 14:25:51.0,68.53333333333335
2023-08-27 14:25:57.0,0.24250227338249594,2023-08-27 14:25:57.0,66.4,2023-08-27 14:25:57.0,7,2023-08-27 14:25:57.0,94.19253782501166,2023-08-27 14:25:57.0,277980,2023-08-27 14:25:57.0,134112.0,2023-08-27 14:25:57.0,478.95954918679894,2023-08-27 14:25:57.0,980.0,4,2023-08-27 14:25:57.0,66.4
2023-08-27 14:26:03.0,0.2515364878687911,2023-08-27 14:26:03.0,64.73333333333333,2023-08-27 14:26:03.0,7,2023-08-27 14:26:03.0,94.20711810535872,2023-08-27 14:26:03.0,278280,2023-08-27 14:26:03.0,134471.0,2023-08-27 14:26:03.0,471.5602756958257,2023-08-27 14:26:03.0,980.0,4,2023-08-27 14:26:03.0,64.73333333333333
2023-08-27 14:26:09.0,0.25491558820709787,2023-08-27 14:26:09.0,65.0,2023-08-27 14:26:09.0,7,2023-08-27 14:26:09.0,94.22474711408786,2023-08-27 14:26:09.0,278580,2023-08-27 14:26:09.0,134984.0,2023-08-27 14:26:09.0,473.595867810605,2023-08-27 14:26:09.0,980.0000000000001,4,2023-08-27 14:26:09.0,65.0
2023-08-27 14:26:15.0,0.260521809816642,2023-08-27 14:26:15.0,62.133333333333326,2023-08-27 14:26:15.0,7,2023-08-27 14:26:15.0,94.23443167263862,2023-08-27 14:26:15.0,280320,2023-08-27 14:26:15.0,135361.0,2023-08-27 14:26:15.0,478.93269754789503,2023-08-27 14:26:15.0,980.0,4,2023-08-27 14:26:15.0,62.133333333333326
2023-08-27 14:26:21.0,0.2512973642977594,2023-08-27 14:26:21.0,60.599999999999994,2023-08-27 14:26:21.0,7,2023-08-27 14:26:21.0,94.24421640351714,2023-08-27 14:26:21.0,280620,2023-08-27 14:26:21.0,135657.0,2023-08-27 14:26:21.0,480.3775285988823,2023-08-27 14:26:21.0,980.0,4,2023-08-27 14:26:21.0,60.599999999999994
2023-08-27 14:26:27.0,0.24819201172888128,2023-08-27 14:26:27.0,60.93333333333333,2023-08-27 14:26:27.0,7,2023-08-27 14:26:27.0,94.25498893545577,2023-08-27 14:26:27.0,281220,2023-08-27 14:26:27.0,135975.0,2023-08-27 14:26:27.0,477.6027281820036,2023-08-27 14:26:27.0,980.0000000000001,4,2023-08-27 14:26:27.0,60.93333333333333
2023-08-27 14:26:33.0,0.2266525831702843,2023-08-27 14:26:33.0,63.86666666666667,2023-08-27 14:26:33.0,7,2023-08-27 14:26:33.0,94.27028447814088,2023-08-27 14:26:33.0,281520,2023-08-27 14:26:33.0,136409.0,2023-08-27 14:26:33.0,474.6620159279098,2023-08-27 14:26:33.0,980.0,4,2023-08-27 14:26:33.0,63.86666666666667
2023-08-27 14:26:39.0,0.23670387918888122,2023-08-27 14:26:39.0,68.2,2023-08-27 14:26:39.0,7,2023-08-27 14:26:39.0,94.28803749137154,2023-08-27 14:26:39.0,281820,2023-08-27 14:26:39.0,136899.0,2023-08-27 14:26:39.0,482.3116871031145,2023-08-27 14:26:39.0,980.0,4,2023-08-27 14:26:39.0,68.19999999999999
2023-08-27 14:26:45.0,0.23815526349900454,2023-08-27 14:26:45.0,70.26666666666665,2023-08-27 14:26:45.0,7,2023-08-27 14:26:45.0,94.29993146466428,2023-08-27 14:26:45.0,282120,2023-08-27 14:26:45.0,137356.0,2023-08-27 14:26:45.0,483.6088950161411,2023-08-27 14:26:45.0,980.0000000000001,4,2023-08-27 14:26:45.0,70.26666666666665
2023-08-27 14:26:51.0,0.2299451765360835,2023-08-27 14:26:51.0,68.13333333333333,2023-08-27 14:26:51.0,7,2023-08-27 14:26:51.0,94.31020792189135,2023-08-27 14:26:51.0,282420,2023-08-27 14:26:51.0,137668.0,2023-08-27 14:26:51.0,482.21242550390645,2023-08-27 14:26:51.0,979.9999999999999,4,2023-08-27 14:26:51.0,68.13333333333333
2023-08-27 14:26:57.0,0.23853975722364523,2023-08-27 14:26:57.0,65.26666666666667,2023-08-27 14:26:57.0,7,2023-08-27 14:26:57.0,94.32028685354771,2023-08-27 14:26:57.0,283020,2023-08-27 14:26:57.0,137983.0,2023-08-27 14:26:57.0,476.9445792627282,2023-08-27 14:26:57.0,980.0000000000001,4,2023-08-27 14:26:57.0,65.26666666666667
2023-08-27 14:27:03.0,0.25808471199615346,2023-08-27 14:27:03.0,63.39999999999999,2023-08-27 14:27:03.0,7,2023-08-27 14:27:03.0,94.33494838545931,2023-08-27 14:27:03.0,283320,2023-08-27 14:27:03.0,138406.0,2023-08-27 14:27:03.0,473.02568394480517,2023-08-27 14:27:03.0,980.0,4,2023-08-27 14:27:03.0,63.39999999999999
2023-08-27 14:27:09.0,0.24176131173126292,2023-08-27 14:27:09.0,68.0,2023-08-27 14:27:09.0,7,2023-08-27 14:27:09.0,94.35236856584048,2023-08-27 14:27:09.0,283620,2023-08-27 14:27:09.0,138904.0,2023-08-27 14:27:09.0,469.49246372718557,2023-08-27 14:27:09.0,980.0,4,2023-08-27 14:27:09.0,68.0
2023-08-27 14:27:15.0,0.22122697794774157,2023-08-27 14:27:15.0,67.93333333333332,2023-08-27 14:27:15.0,7,2023-08-27 14:27:15.0,94.3630516808414,2023-08-27 14:27:15.0,285360,2023-08-27 14:27:15.0,139323.0,2023-08-27 14:27:15.0,470.3714517339931,2023-08-27 14:27:15.0,979.9999999999999,4,2023-08-27 14:27:15.0,67.93333333333332
2023-08-27 14:27:21.0,0.2656936010809103,2023-08-27 14:27:21.0,66.33333333333333,2023-08-27 14:27:21.0,7,2023-08-27 14:27:21.0,94.37338828475264,2023-08-27 14:27:21.0,285660,2023-08-27 14:27:21.0,139658.0,2023-08-27 14:27:21.0,474.57018570571864,2023-08-27 14:27:21.0,979.9999999999999,4,2023-08-27 14:27:21.0,66.33333333333333
2023-08-27 14:27:27.0,0.25868569335474556,2023-08-27 14:27:27.0,63.86360102188159,2023-08-27 14:27:27.0,7,2023-08-27 14:27:27.0,94.38374990116546,2023-08-27 14:27:27.0,286260,2023-08-27 14:27:27.0,139974.0,2023-08-27 14:27:27.0,474.44870488086957,2023-08-27 14:27:27.0,980.0,4,2023-08-27 14:27:27.0,63.86360102188159
2023-08-27 14:27:33.0,0.23834822182803317,2023-08-27 14:27:33.0,62.33333333333333,2023-08-27 14:27:33.0,7,2023-08-27 14:27:33.0,94.39736473098922,2023-08-27 14:27:33.0,286560,2023-08-27 14:27:33.0,140376.0,2023-08-27 14:27:33.0,477.1520726198486,2023-08-27 14:27:33.0,980.0,4,2023-08-27 14:27:33.0,62.33333333333333
2023-08-27 14:27:39.0,0.2428000787161409,2023-08-27 14:27:39.0,63.4693786817828,2023-08-27 14:27:39.0,7,2023-08-27 14:27:39.0,94.41322161067941,2023-08-27 14:27:39.0,286860,2023-08-27 14:27:39.0,140843.0,2023-08-27 14:27:39.0,471.3915591539467,2023-08-27 14:27:39.0,980.0,4,2023-08-27 14:27:39.0,63.4693786817828
2023-08-27 14:27:45.0,0.22238276800177906,2023-08-27 14:27:45.0,62.99999999999999,2023-08-27 14:27:45.0,7,2023-08-27 14:27:45.0,94.42291949156969,2023-08-27 14:27:45.0,287160,2023-08-27 14:27:45.0,141237.0,2023-08-27 14:27:45.0,472.75565444550165,2023-08-27 14:27:45.0,980.0,4,2023-08-27 14:27:45.0,62.99999999999999
2023-08-27 14:27:51.0,0.24868019389299026,2023-08-27 14:27:51.0,60.400000000000006,2023-08-27 14:27:51.0,7,2023-08-27 14:27:51.0,94.43204948408011,2023-08-27 14:27:51.0,287460,2023-08-27 14:27:51.0,141522.0,2023-08-27 14:27:51.0,473.2967431633368,2023-08-27 14:27:51.0,980.0,3,2023-08-27 14:27:51.0,60.400000000000006
2023-08-27 14:27:57.0,0.23475720885290843,2023-08-27 14:27:57.0,56.266666666666666,2023-08-27 14:27:57.0,7,2023-08-27 14:27:57.0,94.44010212209585,2023-08-27 14:27:57.0,288060,2023-08-27 14:27:57.0,141780.0,2023-08-27 14:27:57.0,473.793452670173,2023-08-27 14:27:57.0,980.0,3,2023-08-27 14:27:57.0,56.266666666666666
2023-08-27 14:28:03.0,0.24411151340353515,2023-08-27 14:28:03.0,58.466666666666654,2023-08-27 14:28:03.0,7,2023-08-27 14:28:03.0,94.45387290911441,2023-08-27 14:28:03.0,288360,2023-08-27 14:28:03.0,142197.0,2023-08-27 14:28:03.0,472.89313607883105,2023-08-27 14:28:03.0,980.0000000000001,3,2023-08-27 14:28:03.0,58.466666666666654
2023-08-27 14:28:09.0,0.22370756484946444,2023-08-27 14:28:09.0,65.2,2023-08-27 14:28:09.0,7,2023-08-27 14:28:09.0,94.46947249557539,2023-08-27 14:28:09.0,288660,2023-08-27 14:28:09.0,142660.0,2023-08-27 14:28:09.0,472.1454844403176,2023-08-27 14:28:09.0,980.0,4,2023-08-27 14:28:09.0,65.2
2023-08-27 14:28:15.0,0.2246581952625723,2023-08-27 14:28:15.0,65.06666666666666,2023-08-27 14:28:15.0,7,2023-08-27 14:28:15.0,94.479562257576,2023-08-27 14:28:15.0,290400,2023-08-27 14:28:15.0,143080.0,2023-08-27 14:28:15.0,471.12077363804303,2023-08-27 14:28:15.0,980.0,4,2023-08-27 14:28:15.0,65.06666666666666
2023-08-27 14:28:21.0,0.2223853365086843,2023-08-27 14:28:21.0,64.73333333333333,2023-08-27 14:28:21.0,7,2023-08-27 14:28:21.0,94.48914589225757,2023-08-27 14:28:21.0,290700,2023-08-27 14:28:21.0,143396.0,2023-08-27 14:28:21.0,468.02122197921653,2023-08-27 14:28:21.0,980.0,4,2023-08-27 14:28:21.0,64.73333333333333
2023-08-27 14:28:27.0,0.2173085831521731,2023-08-27 14:28:27.0,68.93333333333334,2023-08-27 14:28:27.0,7,2023-08-27 14:28:27.0,94.5000551840194,2023-08-27 14:28:27.0,291300,2023-08-27 14:28:27.0,143771.0,2023-08-27 14:28:27.0,472.75314700097863,2023-08-27 14:28:27.0,980.0,4,2023-08-27 14:28:27.0,68.93333333333334
2023-08-27 14:28:33.0,0.22802272272471033,2023-08-27 14:28:33.0,68.33333333333333,2023-08-27 14:28:33.0,7,2023-08-27 14:28:33.0,94.51431068166187,2023-08-27 14:28:33.0,291600,2023-08-27 14:28:33.0,144192.0,2023-08-27 14:28:33.0,472.74228419070533,2023-08-27 14:28:33.0,979.9999999999999,4,2023-08-27 14:28:33.0,68.33333333333333
2023-08-27 14:28:39.0,0.22054221176763975,2023-08-27 14:28:39.0,66.60000000000001,2023-08-27 14:28:39.0,7,2023-08-27 14:28:39.0,94.5300210528624,2023-08-27 14:28:39.0,291900,2023-08-27 14:28:39.0,144666.0,2023-08-27 14:28:39.0,469.3166996689351,2023-08-27 14:28:39.0,980.0000000000001,4,2023-08-27 14:28:39.0,66.60000000000001
2023-08-27 14:28:45.0,0.2286994711129355,2023-08-27 14:28:45.0,70.06535128649513,2023-08-27 14:28:45.0,7,2023-08-27 14:28:45.0,94.54166121859805,2023-08-27 14:28:45.0,292200,2023-08-27 14:28:45.0,145159.0,2023-08-27 14:28:45.0,462.5897289056122,2023-08-27 14:28:45.0,979.9999999999999,4,2023-08-27 14:28:45.0,70.06535128649513
2023-08-27 14:28:51.0,0.23671512664077046,2023-08-27 14:28:51.0,73.46344551816061,2023-08-27 14:28:51.0,7,2023-08-27 14:28:51.0,94.55266170559494,2023-08-27 14:28:51.0,292500,2023-08-27 14:28:51.0,145528.0,2023-08-27 14:28:51.0,470.2684355307364,2023-08-27 14:28:51.0,980.0000000000001,4,2023-08-27 14:28:51.0,73.46344551816061
2023-08-27 14:28:57.0,0.26548040190766425,2023-08-27 14:28:57.0,72.93333333333332,2023-08-27 14:28:57.0,7,2023-08-27 14:28:57.0,94.56311674093925,2023-08-27 14:28:57.0,293100,2023-08-27 14:28:57.0,145871.0,2023-08-27 14:28:57.0,474.81549566514985,2023-08-27 14:28:57.0,980.0,4,2023-08-27 14:28:57.0,72.93333333333332
2023-08-27 14:29:03.0,0.27147888354831584,2023-08-27 14:29:03.0,72.06807129839534,2023-08-27 14:29:03.0,7,2023-08-27 14:29:03.0,94.57807414586188,2023-08-27 14:29:03.0,293400,2023-08-27 14:29:03.0,146348.0,2023-08-27 14:29:03.0,477.4979946408691,2023-08-27 14:29:03.0,980.0,4,2023-08-27 14:29:03.0,72.06807129839534
2023-08-27 14:29:09.0,0.2675283648234049,2023-08-27 14:29:09.0,73.60000000000001,2023-08-27 14:29:09.0,7,2023-08-27 14:29:09.0,94.59523111369455,2023-08-27 14:29:09.0,293700,2023-08-27 14:29:09.0,146885.0,2023-08-27 14:29:09.0,474.4711575822771,2023-08-27 14:29:09.0,980.0,4,2023-08-27 14:29:09.0,73.60000000000001
2023-08-27 14:29:15.0,0.2661119202168847,2023-08-27 14:29:15.0,73.46666666666667,2023-08-27 14:29:15.0,7,2023-08-27 14:29:15.0,94.6061340746186,2023-08-27 14:29:15.0,295440,2023-08-27 14:29:15.0,147340.0,2023-08-27 14:29:15.0,476.0370619198449,2023-08-27 14:29:15.0,980.0,4,2023-08-27 14:29:15.0,73.46666666666667
2023-08-27 14:29:21.0,0.27717683287299333,2023-08-27 14:29:21.0,72.86666666666666,2023-08-27 14:29:21.0,7,2023-08-27 14:29:21.0,94.6168784797063,2023-08-27 14:29:21.0,295740,2023-08-27 14:29:21.0,147711.0,2023-08-27 14:29:21.0,475.31495195433797,2023-08-27 14:29:21.0,979.9999999999999,4,2023-08-27 14:29:21.0,72.86666666666666
2023-08-27 14:29:27.0,0.27295393639775156,2023-08-27 14:29:27.0,70.93333333333332,2023-08-27 14:29:27.0,7,2023-08-27 14:29:27.0,94.62686054595713,2023-08-27 14:29:27.0,296340,2023-08-27 14:29:27.0,148052.0,2023-08-27 14:29:27.0,478.95550997380025,2023-08-27 14:29:27.0,980.0000000000001,4,2023-08-27 14:29:27.0,70.93333333333332
2023-08-27 14:29:33.0,0.2620136515812459,2023-08-27 14:29:33.0,69.6,2023-08-27 14:29:33.0,7,2023-08-27 14:29:33.0,94.64567430036728,2023-08-27 14:29:33.0,296640,2023-08-27 14:29:33.0,148615.0,2023-08-27 14:29:33.0,482.93813050571606,2023-08-27 14:29:33.0,979.9999999999999,4,2023-08-27 14:29:33.0,69.6
2023-08-27 14:29:39.0,0.2651435534724551,2023-08-27 14:29:39.0,70.73333333333333,2023-08-27 14:29:39.0,7,2023-08-27 14:29:39.0,94.65674790874952,2023-08-27 14:29:39.0,296940,2023-08-27 14:29:39.0,149021.0,2023-08-27 14:29:39.0,478.6558701097528,2023-08-27 14:29:39.0,980.0,4,2023-08-27 14:29:39.0,70.73333333333333
2023-08-27 14:29:45.0,0.2406360780912596,2023-08-27 14:29:45.0,72.2,2023-08-27 14:29:45.0,7,2023-08-27 14:29:45.0,94.66807426970442,2023-08-27 14:29:45.0,297240,2023-08-27 14:29:45.0,149495.0,2023-08-27 14:29:45.0,480.40751993998606,2023-08-27 14:29:45.0,980.0,4,2023-08-27 14:29:45.0,72.2
2023-08-27 14:29:51.0,0.26313495754643335,2023-08-27 14:29:51.0,71.06666666666666,2023-08-27 14:29:51.0,7,2023-08-27 14:29:51.0,94.67747295823659,2023-08-27 14:29:51.0,297540,2023-08-27 14:29:51.0,149829.0,2023-08-27 14:29:51.0,484.0601402656634,2023-08-27 14:29:51.0,979.9999999999999,4,2023-08-27 14:29:51.0,71.06666666666666
2023-08-27 14:29:57.0,0.2814801589649898,2023-08-27 14:29:57.0,69.8,2023-08-27 14:29:57.0,7,2023-08-27 14:29:57.0,94.68647297596571,2023-08-27 14:29:57.0,298140,2023-08-27 14:29:57.0,150148.0,2023-08-27 14:29:57.0,479.4427147925357,2023-08-27 14:29:57.0,980.0,4,2023-08-27 14:29:57.0,69.8
2023-08-27 14:30:03.0,0.26841122850271426,2023-08-27 14:30:03.0,65.8,2023-08-27 14:30:03.0,7,2023-08-27 14:30:03.0,94.70378186248136,2023-08-27 14:30:03.0,298440,2023-08-27 14:30:03.0,150678.0,2023-08-27 14:30:03.0,474.2095289172768,2023-08-27 14:30:03.0,980.0,4,2023-08-27 14:30:03.0,65.8
2023-08-27 14:30:09.0,0.2360399168247423,2023-08-27 14:30:09.0,66.73333333333332,2023-08-27 14:30:09.0,7,2023-08-27 14:30:09.0,94.71433642571732,2023-08-27 14:30:09.0,298740,2023-08-27 14:30:09.0,151060.0,2023-08-27 14:30:09.0,471.7152247311884,2023-08-27 14:30:09.0,980.0,4,2023-08-27 14:30:09.0,66.73333333333332
2023-08-27 14:30:15.0,0.23308624111421739,2023-08-27 14:30:15.0,69.26666666666667,2023-08-27 14:30:15.0,7,2023-08-27 14:30:15.0,94.72467727308863,2023-08-27 14:30:15.0,300480,2023-08-27 14:30:15.0,151516.0,2023-08-27 14:30:15.0,467.84885556574073,2023-08-27 14:30:15.0,979.9999999999999,4,2023-08-27 14:30:15.0,69.26666666666667
2023-08-27 14:30:21.0,0.2633746124399172,2023-08-27 14:30:21.0,71.33333333333334,2023-08-27 14:30:21.0,7,2023-08-27 14:30:21.0,94.73468114973572,2023-08-27 14:30:21.0,300780,2023-08-27 14:30:21.0,151876.0,2023-08-27 14:30:21.0,472.9072015181212,2023-08-27 14:30:21.0,980.0,4,2023-08-27 14:30:21.0,71.33333333333334
2023-08-27 14:30:27.0,0.23699013715672457,2023-08-27 14:30:27.0,70.86666666666666,2023-08-27 14:30:27.0,7,2023-08-27 14:30:27.0,94.74753409378228,2023-08-27 14:30:27.0,301380,2023-08-27 14:30:27.0,152268.0,2023-08-27 14:30:27.0,479.5217055243944,2023-08-27 14:30:27.0,980.0,4,2023-08-27 14:30:27.0,70.86666666666666
2023-08-27 14:30:33.0,0.24374102737937864,2023-08-27 14:30:33.0,70.33333333333333,2023-08-27 14:30:33.0,7,2023-08-27 14:30:33.0,94.76196443818758,2023-08-27 14:30:33.0,301680,2023-08-27 14:30:33.0,152780.0,2023-08-27 14:30:33.0,473.90891488846995,2023-08-27 14:30:33.0,980.0,4,2023-08-27 14:30:33.0,70.33333333333333
2023-08-27 14:30:39.0,0.2601501318064256,2023-08-27 14:30:39.0,71.6,2023-08-27 14:30:39.0,7,2023-08-27 14:30:39.0,94.77302580571877,2023-08-27 14:30:39.0,301980,2023-08-27 14:30:39.0,153202.0,2023-08-27 14:30:39.0,474.853188741018,2023-08-27 14:30:39.0,980.0,4,2023-08-27 14:30:39.0,71.6
2023-08-27 14:30:45.0,0.22629189003390024,2023-08-27 14:30:45.0,74.2,2023-08-27 14:30:45.0,7,2023-08-27 14:30:45.0,94.7837766098288,2023-08-27 14:30:45.0,302280,2023-08-27 14:30:45.0,153679.0,2023-08-27 14:30:45.0,476.33051594840913,2023-08-27 14:30:45.0,980.0000000000001,4,2023-08-27 14:30:45.0,74.2
2023-08-27 14:30:51.0,0.2530469293142518,2023-08-27 14:30:51.0,73.0,2023-08-27 14:30:51.0,7,2023-08-27 14:30:51.0,94.79385648043143,2023-08-27 14:30:51.0,302580,2023-08-27 14:30:51.0,154042.0,2023-08-27 14:30:51.0,476.06461760145135,2023-08-27 14:30:51.0,980.0000000000001,4,2023-08-27 14:30:51.0,73.0
2023-08-27 14:30:57.0,0.27397048809312696,2023-08-27 14:30:57.0,74.93333333333332,2023-08-27 14:30:57.0,7,2023-08-27 14:30:57.0,94.80774387524349,2023-08-27 14:30:57.0,303180,2023-08-27 14:30:57.0,154477.0,2023-08-27 14:30:57.0,475.888140770389,2023-08-27 14:30:57.0,980.0,4,2023-08-27 14:30:57.0,74.93333333333332
2023-08-27 14:31:03.0,0.2767649051200309,2023-08-27 14:31:03.0,74.73333333333332,2023-08-27 14:31:03.0,7,2023-08-27 14:31:03.0,94.82238230564978,2023-08-27 14:31:03.0,303480,2023-08-27 14:31:03.0,155011.0,2023-08-27 14:31:03.0,478.25730319962935,2023-08-27 14:31:03.0,980.0,4,2023-08-27 14:31:03.0,74.73333333333332
2023-08-27 14:31:09.0,0.24052438177622734,2023-08-27 14:31:09.0,76.19999999999999,2023-08-27 14:31:09.0,7,2023-08-27 14:31:09.0,94.83419062733644,2023-08-27 14:31:09.0,303780,2023-08-27 14:31:09.0,155511.0,2023-08-27 14:31:09.0,470.69194254110784,2023-08-27 14:31:09.0,980.0000000000001,4,2023-08-27 14:31:09.0,76.19999999999999
2023-08-27 14:31:15.0,0.23828758731546407,2023-08-27 14:31:15.0,74.33333333333334,2023-08-27 14:31:15.0,7,2023-08-27 14:31:15.0,94.8441734540843,2023-08-27 14:31:15.0,305520,2023-08-27 14:31:15.0,155924.0,2023-08-27 14:31:15.0,468.25621109229695,2023-08-27 14:31:15.0,980.0,4,2023-08-27 14:31:15.0,74.33333333333334
2023-08-27 14:31:21.0,0.28406170414598286,2023-08-27 14:31:21.0,75.0,2023-08-27 14:31:21.0,7,2023-08-27 14:31:21.0,94.85457857546604,2023-08-27 14:31:21.0,305820,2023-08-27 14:31:21.0,156310.0,2023-08-27 14:31:21.0,471.48734780265585,2023-08-27 14:31:21.0,980.0,4,2023-08-27 14:31:21.0,75.0
2023-08-27 14:31:27.0,0.26422209444688244,2023-08-27 14:31:27.0,73.21629845861253,2023-08-27 14:31:27.0,7,2023-08-27 14:31:27.0,94.86697486877259,2023-08-27 14:31:27.0,306420,2023-08-27 14:31:27.0,156712.0,2023-08-27 14:31:27.0,475.8216691150749,2023-08-27 14:31:27.0,980.0000000000001,4,2023-08-27 14:31:27.0,73.21629845861253
2023-08-27 14:31:33.0,0.2764961120655521,2023-08-27 14:31:33.0,69.0,2023-08-27 14:31:33.0,7,2023-08-27 14:31:33.0,94.88043660364536,2023-08-27 14:31:33.0,306720,2023-08-27 14:31:33.0,157198.0,2023-08-27 14:31:33.0,481.4004660520176,2023-08-27 14:31:33.0,980.0,4,2023-08-27 14:31:33.0,69.0
2023-08-27 14:31:39.0,0.2807224552925593,2023-08-27 14:31:39.0,69.2469484826154,2023-08-27 14:31:39.0,7,2023-08-27 14:31:39.0,94.89072802031386,2023-08-27 14:31:39.0,307020,2023-08-27 14:31:39.0,157644.0,2023-08-27 14:31:39.0,477.908398280614,2023-08-27 14:31:39.0,979.9999999999999,4,2023-08-27 14:31:39.0,69.2469484826154
2023-08-27 14:31:45.0,0.2720749125185421,2023-08-27 14:31:45.0,69.2,2023-08-27 14:31:45.0,7,2023-08-27 14:31:45.0,94.90022490750461,2023-08-27 14:31:45.0,307320,2023-08-27 14:31:45.0,158054.0,2023-08-27 14:31:45.0,477.52577653734687,2023-08-27 14:31:45.0,980.0000000000001,4,2023-08-27 14:31:45.0,69.2
2023-08-27 14:31:51.0,0.26464590450924885,2023-08-27 14:31:51.0,69.39999999999998,2023-08-27 14:31:51.0,7,2023-08-27 14:31:51.0,94.90893311334372,2023-08-27 14:31:51.0,307620,2023-08-27 14:31:51.0,158388.0,2023-08-27 14:31:51.0,477.2963053574666,2023-08-27 14:31:51.0,980.0000000000001,4,2023-08-27 14:31:51.0,69.39999999999998
2023-08-27 14:31:57.0,0.26804585622943333,2023-08-27 14:31:57.0,68.33333333333333,2023-08-27 14:31:57.0,7,2023-08-27 14:31:57.0,94.92057162880756,2023-08-27 14:31:57.0,308220,2023-08-27 14:31:57.0,158777.0,2023-08-27 14:31:57.0,475.9082519369347,2023-08-27 14:31:57.0,979.9999999999999,4,2023-08-27 14:31:57.0,68.33333333333333
2023-08-27 14:32:03.0,0.27297826757474125,2023-08-27 14:32:03.0,69.73333333333333,2023-08-27 14:32:03.0,7,2023-08-27 14:32:03.0,94.9343294887495,2023-08-27 14:32:03.0,308520,2023-08-27 14:32:03.0,159283.0,2023-08-27 14:32:03.0,479.15815188514705,2023-08-27 14:32:03.0,980.0,4,2023-08-27 14:32:03.0,69.73333333333333
2023-08-27 14:32:09.0,0.25243482551160845,2023-08-27 14:32:09.0,67.46666666666667,2023-08-27 14:32:09.0,7,2023-08-27 14:32:09.0,94.94327978643165,2023-08-27 14:32:09.0,308820,2023-08-27 14:32:09.0,159688.0,2023-08-27 14:32:09.0,479.65491430571234,2023-08-27 14:32:09.0,980.0,4,2023-08-27 14:32:09.0,67.46666666666667
2023-08-27 14:32:15.0,0.23872376031787526,2023-08-27 14:32:15.0,66.86666666666666,2023-08-27 14:32:15.0,7,2023-08-27 14:32:15.0,94.95185208968405,2023-08-27 14:32:15.0,310560,2023-08-27 14:32:15.0,160068.0,2023-08-27 14:32:15.0,476.2762746792581,2023-08-27 14:32:15.0,979.9999999999999,4,2023-08-27 14:32:15.0,66.86666666666666
2023-08-27 14:32:21.0,0.25670588462381594,2023-08-27 14:32:21.0,65.19999999999999,2023-08-27 14:32:21.0,7,2023-08-27 14:32:21.0,94.96038639186041,2023-08-27 14:32:21.0,310860,2023-08-27 14:32:21.0,160406.0,2023-08-27 14:32:21.0,480.7930372484612,2023-08-27 14:32:21.0,980.0,4,2023-08-27 14:32:21.0,65.19999999999999
2023-08-27 14:32:27.0,0.25427341429964484,2023-08-27 14:32:27.0,69.26666666666667,2023-08-27 14:32:27.0,7,2023-08-27 14:32:27.0,94.97249807529418,2023-08-27 14:32:27.0,311460,2023-08-27 14:32:27.0,160809.0,2023-08-27 14:32:27.0,478.0379898854363,2023-08-27 14:32:27.0,980.0,4,2023-08-27 14:32:27.0,69.26666666666667
2023-08-27 14:32:33.0,0.25073612414137714,2023-08-27 14:32:33.0,67.73333333333332,2023-08-27 14:32:33.0,7,2023-08-27 14:32:33.0,94.98517451589407,2023-08-27 14:32:33.0,311760,2023-08-27 14:32:33.0,161284.0,2023-08-27 14:32:33.0,484.2211795926317,2023-08-27 14:32:33.0,980.0,4,2023-08-27 14:32:33.0,67.73333333333333
2023-08-27 14:32:39.0,0.242174509045939,2023-08-27 14:32:39.0,68.46666666666667,2023-08-27 14:32:39.0,7,2023-08-27 14:32:39.0,94.99431921271983,2023-08-27 14:32:39.0,312060,2023-08-27 14:32:39.0,161720.0,2023-08-27 14:32:39.0,482.3288505083163,2023-08-27 14:32:39.0,980.0,4,2023-08-27 14:32:39.0,68.46666666666667
2023-08-27 14:32:45.0,0.242879694345545,2023-08-27 14:32:45.0,66.26666666666667,2023-08-27 14:32:45.0,7,2023-08-27 14:32:45.0,95.0027859353842,2023-08-27 14:32:45.0,312360,2023-08-27 14:32:45.0,162095.0,2023-08-27 14:32:45.0,481.6106442517691,2023-08-27 14:32:45.0,979.9999999999999,4,2023-08-27 14:32:45.0,66.26666666666667
2023-08-27 14:32:51.0,0.24014529561798686,2023-08-27 14:32:51.0,66.06666666666666,2023-08-27 14:32:51.0,7,2023-08-27 14:32:51.0,95.01132414327319,2023-08-27 14:32:51.0,312960,2023-08-27 14:32:51.0,162429.0,2023-08-27 14:32:51.0,477.2893415019952,2023-08-27 14:32:51.0,980.0,4,2023-08-27 14:32:51.0,66.06666666666666
2023-08-27 14:32:57.0,0.263763425289541,2023-08-27 14:32:57.0,66.86666666666666,2023-08-27 14:32:57.0,7,2023-08-27 14:32:57.0,95.02262553447486,2023-08-27 14:32:57.0,313260,2023-08-27 14:32:57.0,162817.0,2023-08-27 14:32:57.0,482.94619321180653,2023-08-27 14:32:57.0,979.9999999999999,4,2023-08-27 14:32:57.0,66.86666666666666
2023-08-27 14:33:03.0,0.22080121780672343,2023-08-27 14:33:03.0,65.2,2023-08-27 14:33:03.0,7,2023-08-27 14:33:03.0,95.03433866303075,2023-08-27 14:33:03.0,313560,2023-08-27 14:33:03.0,163272.0,2023-08-27 14:33:03.0,484.5419407251234,2023-08-27 14:33:03.0,980.0,4,2023-08-27 14:33:03.0,65.2
2023-08-27 14:33:09.0,0.2645076270162818,2023-08-27 14:33:09.0,65.06666666666666,2023-08-27 14:33:09.0,7,2023-08-27 14:33:09.0,95.04364467312169,2023-08-27 14:33:09.0,313860,2023-08-27 14:33:09.0,163695.0,2023-08-27 14:33:09.0,479.1182664146385,2023-08-27 14:33:09.0,980.0,4,2023-08-27 14:33:09.0,65.06666666666666
2023-08-27 14:33:15.0,0.25304401493858497,2023-08-27 14:33:15.0,64.46666666666665,2023-08-27 14:33:15.0,7,2023-08-27 14:33:15.0,95.05122003339164,2023-08-27 14:33:15.0,315600,2023-08-27 14:33:15.0,164051.0,2023-08-27 14:33:15.0,479.20533066770344,2023-08-27 14:33:15.0,980.0,4,2023-08-27 14:33:15.0,64.46666666666665
2023-08-27 14:33:21.0,0.23123785518354556,2023-08-27 14:33:21.0,61.199999999999996,2023-08-27 14:33:21.0,7,2023-08-27 14:33:21.0,95.05825548601636,2023-08-27 14:33:21.0,316200,2023-08-27 14:33:21.0,164342.0,2023-08-27 14:33:21.0,481.5692465378748,2023-08-27 14:33:21.0,980.0,4,2023-08-27 14:33:21.0,61.199999999999996
2023-08-27 14:33:27.0,0.24009548772051842,2023-08-27 14:33:27.0,61.33158701593014,2023-08-27 14:33:27.0,7,2023-08-27 14:33:27.0,95.06907721870117,2023-08-27 14:33:27.0,316500,2023-08-27 14:33:27.0,164713.0,2023-08-27 14:33:27.0,479.8735743726364,2023-08-27 14:33:27.0,980.0,4,2023-08-27 14:33:27.0,61.33158701593014
2023-08-27 14:33:33.0,0.2264232890321938,2023-08-27 14:33:33.0,62.998737946051634,2023-08-27 14:33:33.0,7,2023-08-27 14:33:33.0,95.08067219838725,2023-08-27 14:33:34.0,316800,2023-08-27 14:33:33.0,165174.0,2023-08-27 14:33:34.0,482.80776032197764,2023-08-27 14:33:34.0,980.0,4,2023-08-27 14:33:34.0,62.998737946051634
2023-08-27 14:33:40.0,0.2586319921973676,2023-08-27 14:33:40.0,66.6,2023-08-27 14:33:40.0,7,2023-08-27 14:33:40.0,95.08999593973738,2023-08-27 14:33:40.0,317100,2023-08-27 14:33:40.0,165617.0,2023-08-27 14:33:40.0,478.3523856944861,2023-08-27 14:33:40.0,980.0,4,2023-08-27 14:33:40.0,66.6
2023-08-27 14:33:46.0,0.24553041182535829,2023-08-27 14:33:46.0,65.39999999999999,2023-08-27 14:33:46.0,7,2023-08-27 14:33:46.0,95.09739949710617,2023-08-27 14:33:46.0,317400,2023-08-27 14:33:46.0,165966.0,2023-08-27 14:33:46.0,480.5272735066795,2023-08-27 14:33:46.0,980.0,4,2023-08-27 14:33:46.0,65.39999999999999
2023-08-27 14:33:52.0,0.24601980334348444,2023-08-27 14:33:52.0,65.46783126639107,2023-08-27 14:33:52.0,7,2023-08-27 14:33:52.0,95.10538080006533,2023-08-27 14:33:52.0,318000,2023-08-27 14:33:52.0,166293.0,2023-08-27 14:33:52.0,471.4990440909842,2023-08-27 14:33:52.0,979.9999999999999,4,2023-08-27 14:33:52.0,65.46783126639107
2023-08-27 14:33:58.0,0.24858517580487444,2023-08-27 14:33:58.0,63.733333333333334,2023-08-27 14:33:58.0,7,2023-08-27 14:33:58.0,95.11640289525269,2023-08-27 14:33:58.0,318300,2023-08-27 14:33:58.0,166672.0,2023-08-27 14:33:58.0,479.70359428848434,2023-08-27 14:33:58.0,980.0,4,2023-08-27 14:33:58.0,63.733333333333334
2023-08-27 14:34:04.0,0.2455363763350276,2023-08-27 14:34:04.0,69.2,2023-08-27 14:34:04.0,7,2023-08-27 14:34:04.0,95.12893722452168,2023-08-27 14:34:04.0,318600,2023-08-27 14:34:04.0,167192.0,2023-08-27 14:34:04.0,479.1014097819392,2023-08-27 14:34:04.0,979.9999999999999,4,2023-08-27 14:34:04.0,69.2
2023-08-27 14:34:10.0,0.2536477366170139,2023-08-27 14:34:10.0,69.6,2023-08-27 14:34:10.0,7,2023-08-27 14:34:10.0,95.13784081674716,2023-08-27 14:34:10.0,318900,2023-08-27 14:34:10.0,167620.0,2023-08-27 14:34:10.0,483.89039482614584,2023-08-27 14:34:10.0,979.9999999999999,4,2023-08-27 14:34:10.0,69.6
2023-08-27 14:34:16.0,0.2446483753198352,2023-08-27 14:34:16.0,68.8,2023-08-27 14:34:16.0,7,2023-08-27 14:34:16.0,95.14621220706545,2023-08-27 14:34:16.0,320640,2023-08-27 14:34:16.0,168018.0,2023-08-27 14:34:16.0,482.9397245535016,2023-08-27 14:34:16.0,980.0,4,2023-08-27 14:34:16.0,68.8
2023-08-27 14:34:22.0,0.24155202715388577,2023-08-27 14:34:22.0,70.2,2023-08-27 14:34:22.0,7,2023-08-27 14:34:22.0,95.1547627723948,2023-08-27 14:34:22.0,321240,2023-08-27 14:34:22.0,168384.0,2023-08-27 14:34:22.0,482.338443927748,2023-08-27 14:34:22.0,980.0000000000001,4,2023-08-27 14:34:22.0,70.2
2023-08-27 14:34:28.0,0.2539647415285595,2023-08-27 14:34:28.0,72.26666666666667,2023-08-27 14:34:28.0,7,2023-08-27 14:34:28.0,95.16605517450974,2023-08-27 14:34:28.0,321540,2023-08-27 14:34:28.0,168796.0,2023-08-27 14:34:28.0,480.93187613689906,2023-08-27 14:34:28.0,980.0,4,2023-08-27 14:34:28.0,72.26666666666667
2023-08-27 14:34:34.0,0.24350330341025261,2023-08-27 14:34:34.0,72.06666666666666,2023-08-27 14:34:34.0,7,2023-08-27 14:34:34.0,95.17861668406425,2023-08-27 14:34:34.0,321840,2023-08-27 14:34:34.0,169306.0,2023-08-27 14:34:34.0,482.21386938020447,2023-08-27 14:34:34.0,980.0,4,2023-08-27 14:34:34.0,72.53333333333333
2023-08-27 14:34:40.0,0.2696414074027478,2023-08-27 14:34:40.0,72.73333333333333,2023-08-27 14:34:40.0,7,2023-08-27 14:34:40.0,95.1882767380515,2023-08-27 14:34:40.0,322140,2023-08-27 14:34:40.0,169832.0,2023-08-27 14:34:40.0,470.7314373490161,2023-08-27 14:34:40.0,980.0,4,2023-08-27 14:34:40.0,72.73333333333332
2023-08-27 14:34:46.0,0.27776823528022176,2023-08-27 14:34:46.0,70.4,2023-08-27 14:34:46.0,7,2023-08-27 14:34:46.0,95.19647341387967,2023-08-27 14:34:46.0,322440,2023-08-27 14:34:46.0,170170.0,2023-08-27 14:34:46.0,467.9085968117886,2023-08-27 14:34:46.0,979.9999999999999,4,2023-08-27 14:34:46.0,70.4
2023-08-27 14:34:52.0,0.29027934271057165,2023-08-27 14:34:52.0,74.66666666666666,2023-08-27 14:34:52.0,7,2023-08-27 14:34:52.0,95.20562866001757,2023-08-27 14:34:52.0,323040,2023-08-27 14:34:52.0,170565.0,2023-08-27 14:34:52.0,468.4410661625373,2023-08-27 14:34:52.0,980.0,4,2023-08-27 14:34:52.0,74.66666666666666
2023-08-27 14:34:58.0,0.2858426523862049,2023-08-27 14:34:58.0,75.26666666666667,2023-08-27 14:34:58.0,7,2023-08-27 14:34:58.0,95.21684744061729,2023-08-27 14:34:58.0,323340,2023-08-27 14:34:58.0,171000.0,2023-08-27 14:34:58.0,470.11415262555585,2023-08-27 14:34:58.0,980.0,4,2023-08-27 14:34:58.0,75.26666666666667
2023-08-27 14:35:04.0,0.2661892915459749,2023-08-27 14:35:04.0,76.13333333333334,2023-08-27 14:35:04.0,7,2023-08-27 14:35:04.0,95.23030807894199,2023-08-27 14:35:04.0,323640,2023-08-27 14:35:04.0,171585.0,2023-08-27 14:35:04.0,474.14564703925544,2023-08-27 14:35:04.0,979.9999999999999,4,2023-08-27 14:35:04.0,76.13333333333334
2023-08-27 14:35:10.0,0.27414131874618425,2023-08-27 14:35:10.0,71.6,2023-08-27 14:35:10.0,7,2023-08-27 14:35:10.0,95.23887249302933,2023-08-27 14:35:10.0,323940,2023-08-27 14:35:10.0,172032.0,2023-08-27 14:35:10.0,479.168207455962,2023-08-27 14:35:10.0,980.0,4,2023-08-27 14:35:10.0,71.6
2023-08-27 14:35:16.0,0.2938178740390144,2023-08-27 14:35:16.0,73.06666666666666,2023-08-27 14:35:16.0,7,2023-08-27 14:35:16.0,95.24697328023306,2023-08-27 14:35:16.0,325680,2023-08-27 14:35:16.0,172405.0,2023-08-27 14:35:16.0,477.2033594954271,2023-08-27 14:35:16.0,979.9999999999999,4,2023-08-27 14:35:16.0,73.06666666666666
2023-08-27 14:35:22.0,0.2889480458480535,2023-08-27 14:35:22.0,74.46666666666665,2023-08-27 14:35:22.0,7,2023-08-27 14:35:22.0,95.25566896698065,2023-08-27 14:35:22.0,326280,2023-08-27 14:35:22.0,172784.0,2023-08-27 14:35:22.0,477.17672373452064,2023-08-27 14:35:22.0,980.0,4,2023-08-27 14:35:22.0,74.46666666666665
2023-08-27 14:35:28.0,0.2827780020413828,2023-08-27 14:35:28.0,75.13333333333333,2023-08-27 14:35:28.0,7,2023-08-27 14:35:28.0,95.2669030786655,2023-08-27 14:35:28.0,326580,2023-08-27 14:35:28.0,173211.0,2023-08-27 14:35:28.0,478.76173593155784,2023-08-27 14:35:28.0,980.0,4,2023-08-27 14:35:28.0,75.13333333333333
2023-08-27 14:35:34.0,0.2793840288262985,2023-08-27 14:35:34.0,79.4,2023-08-27 14:35:34.0,7,2023-08-27 14:35:34.0,95.28108299860254,2023-08-27 14:35:34.0,326880,2023-08-27 14:35:34.0,173850.0,2023-08-27 14:35:34.0,482.473567199846,2023-08-27 14:35:34.0,979.9999999999999,4,2023-08-27 14:35:34.0,79.4
2023-08-27 14:35:40.0,0.2890701059784733,2023-08-27 14:35:40.0,77.79999999999998,2023-08-27 14:35:40.0,7,2023-08-27 14:35:40.0,95.28963981794705,2023-08-27 14:35:40.0,327180,2023-08-27 14:35:40.0,174319.0,2023-08-27 14:35:40.0,482.4392828553148,2023-08-27 14:35:40.0,980.0,4,2023-08-27 14:35:40.0,77.79999999999998
2023-08-27 14:35:46.0,0.26916472589543466,2023-08-27 14:35:46.0,77.66666666666666,2023-08-27 14:35:46.0,7,2023-08-27 14:35:46.0,95.29853384392474,2023-08-27 14:35:46.0,327480,2023-08-27 14:35:46.0,174704.0,2023-08-27 14:35:46.0,485.78203734363603,2023-08-27 14:35:46.0,980.0,4,2023-08-27 14:35:46.0,77.66666666666666
2023-08-27 14:35:52.0,0.2857828867748369,2023-08-27 14:35:52.0,74.0,2023-08-27 14:35:52.0,7,2023-08-27 14:35:52.0,95.30653800773614,2023-08-27 14:35:52.0,328080,2023-08-27 14:35:52.0,175068.0,2023-08-27 14:35:52.0,481.6644294835919,2023-08-27 14:35:52.0,980.0,4,2023-08-27 14:35:52.0,74.0
2023-08-27 14:35:58.0,0.2902263596132549,2023-08-27 14:35:58.0,76.66666666666667,2023-08-27 14:35:58.0,7,2023-08-27 14:35:58.0,95.31795095448939,2023-08-27 14:35:58.0,328380,2023-08-27 14:35:58.0,175527.0,2023-08-27 14:35:58.0,481.596125054587,2023-08-27 14:35:58.0,980.0,4,2023-08-27 14:35:58.0,76.66666666666667
2023-08-27 14:36:04.0,0.2912288067502899,2023-08-27 14:36:04.0,79.33333333333333,2023-08-27 14:36:04.0,7,2023-08-27 14:36:04.0,95.3318473620987,2023-08-27 14:36:04.0,328680,2023-08-27 14:36:04.0,176155.0,2023-08-27 14:36:04.0,482.49808781385457,2023-08-27 14:36:04.0,979.9999999999999,4,2023-08-27 14:36:04.0,79.33333333333333
2023-08-27 14:36:10.0,0.2853583659674362,2023-08-27 14:36:10.0,77.60000000000001,2023-08-27 14:36:10.0,7,2023-08-27 14:36:10.0,95.34060748134384,2023-08-27 14:36:10.0,328980,2023-08-27 14:36:10.0,176632.0,2023-08-27 14:36:10.0,480.3940070118972,2023-08-27 14:36:10.0,980.0,4,2023-08-27 14:36:10.0,77.60000000000001
2023-08-27 14:36:16.0,0.28607179614819656,2023-08-27 14:36:16.0,76.99999999999999,2023-08-27 14:36:16.0,7,2023-08-27 14:36:16.0,95.34879955045933,2023-08-27 14:36:16.0,330720,2023-08-27 14:36:16.0,177009.0,2023-08-27 14:36:16.0,483.0758889285629,2023-08-27 14:36:16.0,980.0,4,2023-08-27 14:36:16.0,76.99999999999999
2023-08-27 14:36:22.0,0.30127811801537197,2023-08-27 14:36:22.0,78.33333333333333,2023-08-27 14:36:22.0,7,2023-08-27 14:36:22.0,95.35762383609055,2023-08-27 14:36:22.0,331320,2023-08-27 14:36:22.0,177434.0,2023-08-27 14:36:22.0,484.72369718871465,2023-08-27 14:36:22.0,980.0,4,2023-08-27 14:36:22.0,78.33333333333333
2023-08-27 14:36:28.0,0.314931919752921,2023-08-27 14:36:28.0,79.46666666666667,2023-08-27 14:36:28.0,7,2023-08-27 14:36:28.0,95.36930110450858,2023-08-27 14:36:28.0,331620,2023-08-27 14:36:28.0,177933.0,2023-08-27 14:36:28.0,484.81793270983354,2023-08-27 14:36:28.0,980.0,4,2023-08-27 14:36:28.0,79.46666666666667
2023-08-27 14:36:34.0,0.289192987948479,2023-08-27 14:36:34.0,77.53333333333333,2023-08-27 14:36:34.0,7,2023-08-27 14:36:34.0,95.3816229730501,2023-08-27 14:36:34.0,331920,2023-08-27 14:36:34.0,178473.0,2023-08-27 14:36:34.0,483.5076281486365,2023-08-27 14:36:34.0,980.0000000000001,4,2023-08-27 14:36:34.0,77.53333333333333
2023-08-27 14:36:40.0,0.3110260250895353,2023-08-27 14:36:40.0,76.06666666666666,2023-08-27 14:36:40.0,7,2023-08-27 14:36:40.0,95.39029961231049,2023-08-27 14:36:40.0,332220,2023-08-27 14:36:40.0,178956.0,2023-08-27 14:36:40.0,482.00343609115276,2023-08-27 14:36:40.0,980.0,4,2023-08-27 14:36:40.0,76.06666666666666
2023-08-27 14:36:46.0,0.3042787227085562,2023-08-27 14:36:46.0,81.0,2023-08-27 14:36:46.0,7,2023-08-27 14:36:46.0,95.39951678593533,2023-08-27 14:36:46.0,332520,2023-08-27 14:36:46.0,179396.0,2023-08-27 14:36:46.0,481.83262970589067,2023-08-27 14:36:46.0,980.0,5,2023-08-27 14:36:46.0,81.0
2023-08-27 14:36:52.0,0.2810284822880675,2023-08-27 14:36:52.0,82.19999999999999,2023-08-27 14:36:52.0,7,2023-08-27 14:36:52.0,95.40855035355149,2023-08-27 14:36:52.0,333120,2023-08-27 14:36:52.0,179812.0,2023-08-27 14:36:52.0,481.748706099371,2023-08-27 14:36:52.0,980.0,5,2023-08-27 14:36:52.0,82.19999999999999
2023-08-27 14:36:58.0,0.2834950922445823,2023-08-27 14:36:58.0,80.53333333333333,2023-08-27 14:36:58.0,7,2023-08-27 14:36:58.0,95.41909448582479,2023-08-27 14:36:58.0,333420,2023-08-27 14:36:58.0,180282.0,2023-08-27 14:36:58.0,475.63897047732706,2023-08-27 14:36:58.0,980.0,5,2023-08-27 14:36:58.0,80.53333333333333
2023-08-27 14:37:04.0,0.2518980352866331,2023-08-27 14:37:04.0,73.6,2023-08-27 14:37:04.0,7,2023-08-27 14:37:04.0,95.4306758531012,2023-08-27 14:37:04.0,333720,2023-08-27 14:37:04.0,180789.0,2023-08-27 14:37:04.0,477.62142193597145,2023-08-27 14:37:04.0,980.0,4,2023-08-27 14:37:04.0,73.6
2023-08-27 14:37:10.0,0.2943104822221838,2023-08-27 14:37:10.0,71.53333333333333,2023-08-27 14:37:10.0,7,2023-08-27 14:37:10.0,95.43812699098677,2023-08-27 14:37:10.0,334020,2023-08-27 14:37:10.0,181240.0,2023-08-27 14:37:10.0,483.45660245368987,2023-08-27 14:37:10.0,980.0,4,2023-08-27 14:37:10.0,71.53333333333333
2023-08-27 14:37:16.0,0.28361053388725926,2023-08-27 14:37:16.0,71.46666666666665,2023-08-27 14:37:16.0,7,2023-08-27 14:37:16.0,95.44556857835505,2023-08-27 14:37:16.0,335760,2023-08-27 14:37:16.0,181604.0,2023-08-27 14:37:16.0,481.3782413113192,2023-08-27 14:37:16.0,979.9999999999999,4,2023-08-27 14:37:16.0,71.46666666666665
2023-08-27 14:37:22.0,0.2735389078953547,2023-08-27 14:37:22.0,74.26666666666667,2023-08-27 14:37:22.0,7,2023-08-27 14:37:22.0,95.45386695757611,2023-08-27 14:37:22.0,336360,2023-08-27 14:37:22.0,182003.0,2023-08-27 14:37:22.0,479.5836250415422,2023-08-27 14:37:22.0,980.0,4,2023-08-27 14:37:22.0,74.26666666666667
2023-08-27 14:37:28.0,0.2766181490477448,2023-08-27 14:37:28.0,76.60000000000001,2023-08-27 14:37:28.0,7,2023-08-27 14:37:28.0,95.46473839132886,2023-08-27 14:37:28.0,336660,2023-08-27 14:37:28.0,182489.0,2023-08-27 14:37:28.0,481.34792237791925,2023-08-27 14:37:28.0,980.0,4,2023-08-27 14:37:28.0,76.60000000000001
2023-08-27 14:37:34.0,0.27211463614451636,2023-08-27 14:37:34.0,74.06666666666666,2023-08-27 14:37:34.0,7,2023-08-27 14:37:34.0,95.4757242666939,2023-08-27 14:37:34.0,336960,2023-08-27 14:37:34.0,182988.0,2023-08-27 14:37:34.0,476.1874473270654,2023-08-27 14:37:34.0,980.0000000000001,4,2023-08-27 14:37:34.0,74.06666666666666
2023-08-27 14:37:40.0,0.2984506650281778,2023-08-27 14:37:40.0,74.86666666666666,2023-08-27 14:37:40.0,7,2023-08-27 14:37:40.0,95.48444997599056,2023-08-27 14:37:40.0,337260,2023-08-27 14:37:40.0,183496.0,2023-08-27 14:37:40.0,470.5220501409441,2023-08-27 14:37:40.0,980.0,4,2023-08-27 14:37:40.0,74.86666666666666
2023-08-27 14:37:46.0,0.2759390284284799,2023-08-27 14:37:46.0,76.73333333333333,2023-08-27 14:37:46.0,7,2023-08-27 14:37:46.0,95.49214193921905,2023-08-27 14:37:46.0,337560,2023-08-27 14:37:46.0,183872.0,2023-08-27 14:37:46.0,468.3561178881111,2023-08-27 14:37:46.0,980.0,4,2023-08-27 14:37:46.0,76.73333333333333
2023-08-27 14:37:52.0,0.2823792329460067,2023-08-27 14:37:52.0,77.1977071252416,2023-08-27 14:37:52.0,7,2023-08-27 14:37:52.0,95.49978824668742,2023-08-27 14:37:52.0,338160,2023-08-27 14:37:52.0,184249.0,2023-08-27 14:37:52.0,467.2481565738463,2023-08-27 14:37:52.0,980.0000000000001,4,2023-08-27 14:37:52.0,77.1977071252416
2023-08-27 14:37:58.0,0.2657951008981695,2023-08-27 14:37:58.0,72.73333333333333,2023-08-27 14:37:58.0,7,2023-08-27 14:37:58.0,95.50955578668614,2023-08-27 14:37:58.0,338460,2023-08-27 14:37:58.0,184696.0,2023-08-27 14:37:58.0,467.4759491364646,2023-08-27 14:37:58.0,980.0,4,2023-08-27 14:37:58.0,72.73333333333333
2023-08-27 14:38:04.0,0.27616740163112996,2023-08-27 14:38:04.0,69.60230712809228,2023-08-27 14:38:04.0,7,2023-08-27 14:38:04.0,95.52028747193205,2023-08-27 14:38:04.0,338760,2023-08-27 14:38:04.0,185188.0,2023-08-27 14:38:04.0,466.58299409349826,2023-08-27 14:38:04.0,980.0,4,2023-08-27 14:38:04.0,69.60230712809228
2023-08-27 14:38:10.0,0.28169168034646275,2023-08-27 14:38:10.0,67.26666666666665,2023-08-27 14:38:10.0,7,2023-08-27 14:38:10.0,95.52712380378891,2023-08-27 14:38:10.0,339060,2023-08-27 14:38:10.0,185615.0,2023-08-27 14:38:10.0,476.57430318253626,2023-08-27 14:38:10.0,980.0,4,2023-08-27 14:38:10.0,67.26666666666665
2023-08-27 14:38:16.0,0.2563571630738308,2023-08-27 14:38:16.0,65.06666666666666,2023-08-27 14:38:16.0,7,2023-08-27 14:38:16.0,95.53378236563313,2023-08-27 14:38:16.0,340800,2023-08-27 14:38:16.0,185936.0,2023-08-27 14:38:16.0,478.5983150978386,2023-08-27 14:38:16.0,979.9999999999999,4,2023-08-27 14:38:16.0,65.06666666666666
2023-08-27 14:38:22.0,0.263038913830242,2023-08-27 14:38:22.0,67.66666666666667,2023-08-27 14:38:22.0,7,2023-08-27 14:38:22.0,95.54089184246287,2023-08-27 14:38:22.0,341400,2023-08-27 14:38:22.0,186295.0,2023-08-27 14:38:22.0,483.39812463286654,2023-08-27 14:38:22.0,979.9999999999999,4,2023-08-27 14:38:22.0,67.66666666666667
2023-08-27 14:38:28.0,0.2762291100807617,2023-08-27 14:38:28.0,67.4,2023-08-27 14:38:28.0,7,2023-08-27 14:38:28.0,95.55006776433773,2023-08-27 14:38:28.0,341700,2023-08-27 14:38:28.0,186722.0,2023-08-27 14:38:28.0,479.83554745323056,2023-08-27 14:38:28.0,980.0000000000001,4,2023-08-27 14:38:28.0,67.4
2023-08-27 14:38:34.0,0.27013592224142324,2023-08-27 14:38:34.0,66.6,2023-08-27 14:38:34.0,7,2023-08-27 14:38:34.0,95.56023285981007,2023-08-27 14:38:34.0,342000,2023-08-27 14:38:34.0,187186.0,2023-08-27 14:38:34.0,478.9058433144307,2023-08-27 14:38:34.0,980.0,4,2023-08-27 14:38:34.0,66.6
2023-08-27 14:38:40.0,0.25525541945766345,2023-08-27 14:38:40.0,64.13333333333333,2023-08-27 14:38:40.0,7,2023-08-27 14:38:40.0,95.56651572092375,2023-08-27 14:38:40.0,342300,2023-08-27 14:38:40.0,187605.0,2023-08-27 14:38:40.0,475.4435869134841,2023-08-27 14:38:40.0,980.0,4,2023-08-27 14:38:40.0,64.13333333333333
2023-08-27 14:38:46.0,0.2507741090876363,2023-08-27 14:38:46.0,66.53333333333333,2023-08-27 14:38:46.0,7,2023-08-27 14:38:46.0,95.57332646063911,2023-08-27 14:38:46.0,342600,2023-08-27 14:38:46.0,187944.0,2023-08-27 14:38:46.0,474.4578478978674,2023-08-27 14:38:46.0,979.9999999999999,4,2023-08-27 14:38:46.0,66.53333333333333
2023-08-27 14:38:52.0,0.2628716961616969,2023-08-27 14:38:52.0,66.6,2023-08-27 14:38:52.0,7,2023-08-27 14:38:52.0,95.57992154894237,2023-08-27 14:38:52.0,343200,2023-08-27 14:38:52.0,188280.0,2023-08-27 14:38:52.0,479.97072007522564,2023-08-27 14:38:52.0,980.0,4,2023-08-27 14:38:52.0,66.6
2023-08-27 14:38:58.0,0.2504488266401583,2023-08-27 14:38:58.0,67.73333333333333,2023-08-27 14:38:58.0,7,2023-08-27 14:38:58.0,95.58895717604359,2023-08-27 14:38:58.0,343500,2023-08-27 14:38:58.0,188715.0,2023-08-27 14:38:58.0,478.5083144611561,2023-08-27 14:38:58.0,980.0000000000001,4,2023-08-27 14:38:58.0,67.73333333333332
2023-08-27 14:39:04.0,0.24900080633381427,2023-08-27 14:39:04.0,70.46666666666665,2023-08-27 14:39:04.0,7,2023-08-27 14:39:04.0,95.60010488412341,2023-08-27 14:39:04.0,343800,2023-08-27 14:39:04.0,189238.0,2023-08-27 14:39:04.0,472.7771600244919,2023-08-27 14:39:04.0,980.0000000000001,4,2023-08-27 14:39:04.0,70.46666666666665
2023-08-27 14:39:10.0,0.2646029325386986,2023-08-27 14:39:10.0,68.8,2023-08-27 14:39:10.0,7,2023-08-27 14:39:10.0,95.60625456887323,2023-08-27 14:39:10.0,344100,2023-08-27 14:39:10.0,189638.0,2023-08-27 14:39:10.0,464.3833460183172,2023-08-27 14:39:10.0,980.0,4,2023-08-27 14:39:10.0,68.8
2023-08-27 14:39:16.0,0.25331756966416286,2023-08-27 14:39:16.0,64.86666666666666,2023-08-27 14:39:16.0,7,2023-08-27 14:39:16.0,95.61235460861286,2023-08-27 14:39:16.0,345840,2023-08-27 14:39:16.0,189952.0,2023-08-27 14:39:16.0,459.98714558829613,2023-08-27 14:39:16.0,980.0,4,2023-08-27 14:39:16.0,64.86666666666666
2023-08-27 14:39:22.0,0.24357958511130115,2023-08-27 14:39:22.0,62.73333333333332,2023-08-27 14:39:22.0,7,2023-08-27 14:39:22.0,95.61849003869503,2023-08-27 14:39:22.0,346440,2023-08-27 14:39:22.0,190271.0,2023-08-27 14:39:22.0,466.64988900845026,2023-08-27 14:39:22.0,980.0,4,2023-08-27 14:39:22.0,62.73333333333332
2023-08-27 14:39:28.0,0.26472500180253544,2023-08-27 14:39:28.0,65.33333333333333,2023-08-27 14:39:28.0,7,2023-08-27 14:39:28.0,95.62822714086002,2023-08-27 14:39:28.0,346740,2023-08-27 14:39:28.0,190753.0,2023-08-27 14:39:28.0,479.32392528747846,2023-08-27 14:39:28.0,980.0,4,2023-08-27 14:39:28.0,64.9
2023-08-27 14:39:34.0,0.21706703032529537,2023-08-27 14:39:34.0,68.86666666666666,2023-08-27 14:39:34.0,7,2023-08-27 14:39:34.0,95.63796222647645,2023-08-27 14:39:34.0,347040,2023-08-27 14:39:34.0,191207.0,2023-08-27 14:39:34.0,478.8229984357427,2023-08-27 14:39:34.0,980.0000000000001,4,2023-08-27 14:39:34.0,68.86666666666666
2023-08-27 14:39:40.0,0.2572292465974741,2023-08-27 14:39:40.0,69.0,2023-08-27 14:39:40.0,7,2023-08-27 14:39:40.0,95.64453597693044,2023-08-27 14:39:40.0,347340,2023-08-27 14:39:40.0,191640.0,2023-08-27 14:39:40.0,475.6242013742732,2023-08-27 14:39:40.0,979.9999999999999,4,2023-08-27 14:39:40.0,69.0
2023-08-27 14:39:46.0,0.24035565363599176,2023-08-27 14:39:46.0,66.6,2023-08-27 14:39:46.0,7,2023-08-27 14:39:46.0,95.65058223058999,2023-08-27 14:39:46.0,347640,2023-08-27 14:39:46.0,191960.0,2023-08-27 14:39:46.0,479.39507411423466,2023-08-27 14:39:46.0,979.9999999999999,4,2023-08-27 14:39:46.0,66.6
2023-08-27 14:39:52.0,0.2559220324998122,2023-08-27 14:39:52.0,65.26666666666667,2023-08-27 14:39:52.0,7,2023-08-27 14:39:52.0,95.65657419788795,2023-08-27 14:39:52.0,348240,2023-08-27 14:39:52.0,192282.0,2023-08-27 14:39:52.0,466.3311275220074,2023-08-27 14:39:52.0,980.0,4,2023-08-27 14:39:52.0,65.26666666666667
2023-08-27 14:39:58.0,0.24658877102625817,2023-08-27 14:39:58.0,61.8,2023-08-27 14:39:58.0,7,2023-08-27 14:39:58.0,95.66703289011349,2023-08-27 14:39:58.0,348540,2023-08-27 14:39:58.0,192743.0,2023-08-27 14:39:58.0,468.431686085147,2023-08-27 14:39:58.0,980.0,4,2023-08-27 14:39:58.0,61.8
2023-08-27 14:40:04.0,0.24375443036076724,2023-08-27 14:40:04.0,63.133333333333326,2023-08-27 14:40:04.0,7,2023-08-27 14:40:04.0,95.67397412549826,2023-08-27 14:40:04.0,348840,2023-08-27 14:40:04.0,193128.0,2023-08-27 14:40:04.0,473.1514055327022,2023-08-27 14:40:04.0,980.0,4,2023-08-27 14:40:04.0,63.133333333333326
2023-08-27 14:40:10.0,0.25151263115611155,2023-08-27 14:40:10.0,65.66666666666666,2023-08-27 14:40:10.0,7,2023-08-27 14:40:10.0,95.68066234385294,2023-08-27 14:40:10.0,349140,2023-08-27 14:40:10.0,193563.0,2023-08-27 14:40:10.0,470.66013665015475,2023-08-27 14:40:10.0,979.9999999999999,4,2023-08-27 14:40:10.0,65.66666666666666
2023-08-27 14:40:16.0,0.2499761583480055,2023-08-27 14:40:16.0,67.92512656541433,2023-08-27 14:40:16.0,7,2023-08-27 14:40:16.0,95.68694664274734,2023-08-27 14:40:16.0,350880,2023-08-27 14:40:16.0,193906.0,2023-08-27 14:40:16.0,468.6768496699658,2023-08-27 14:40:16.0,980.0000000000001,4,2023-08-27 14:40:16.0,67.92512656541433
2023-08-27 14:40:22.0,0.2383566582473343,2023-08-27 14:40:22.0,66.93333333333332,2023-08-27 14:40:22.0,7,2023-08-27 14:40:22.0,95.69503005893819,2023-08-27 14:40:22.0,351480,2023-08-27 14:40:22.0,194268.0,2023-08-27 14:40:22.0,475.22157279014857,2023-08-27 14:40:22.0,980.0,4,2023-08-27 14:40:22.0,66.93333333333332
2023-08-27 14:40:28.0,0.24369308899196246,2023-08-27 14:40:28.0,67.19999999999999,2023-08-27 14:40:28.0,7,2023-08-27 14:40:28.0,95.70445235029274,2023-08-27 14:40:28.0,351780,2023-08-27 14:40:28.0,194766.0,2023-08-27 14:40:28.0,473.0970570009897,2023-08-27 14:40:28.0,979.9999999999999,4,2023-08-27 14:40:28.0,67.19999999999999
2023-08-27 14:40:34.0,0.2406273850712519,2023-08-27 14:40:34.0,64.9406992260475,2023-08-27 14:40:34.0,7,2023-08-27 14:40:34.0,95.71066852801391,2023-08-27 14:40:34.0,352080,2023-08-27 14:40:34.0,195112.0,2023-08-27 14:40:34.0,472.5950325179876,2023-08-27 14:40:34.0,980.0,4,2023-08-27 14:40:34.0,64.9406992260475
2023-08-27 14:40:40.0,0.251214481854271,2023-08-27 14:40:40.0,63.666666666666664,2023-08-27 14:40:40.0,7,2023-08-27 14:40:40.0,95.71687696125721,2023-08-27 14:40:40.0,352380,2023-08-27 14:40:40.0,195524.0,2023-08-27 14:40:40.0,479.85734911112337,2023-08-27 14:40:40.0,980.0,4,2023-08-27 14:40:40.0,63.66666666666666
2023-08-27 14:40:46.0,0.2367390840281222,2023-08-27 14:40:46.0,62.199999999999996,2023-08-27 14:40:46.0,7,2023-08-27 14:40:46.0,95.72237874496584,2023-08-27 14:40:46.0,352680,2023-08-27 14:40:46.0,195826.0,2023-08-27 14:40:46.0,477.1834831202215,2023-08-27 14:40:46.0,980.0,4,2023-08-27 14:40:46.0,62.199999999999996
2023-08-27 14:40:52.0,0.2496124237478466,2023-08-27 14:40:52.0,64.53333333333333,2023-08-27 14:40:52.0,7,2023-08-27 14:40:52.0,95.73063703561174,2023-08-27 14:40:52.0,353280,2023-08-27 14:40:52.0,196203.0,2023-08-27 14:40:52.0,480.35904889598544,2023-08-27 14:40:52.0,980.0,4,2023-08-27 14:40:52.0,64.53333333333333
2023-08-27 14:40:58.0,0.2558831738943036,2023-08-27 14:40:58.0,65.8,2023-08-27 14:40:58.0,7,2023-08-27 14:40:58.0,95.73974178272783,2023-08-27 14:40:58.0,353580,2023-08-27 14:40:58.0,196686.0,2023-08-27 14:40:58.0,478.8550004838067,2023-08-27 14:40:58.0,980.0,4,2023-08-27 14:40:58.0,65.8
2023-08-27 14:41:04.0,0.23092746355014407,2023-08-27 14:41:04.0,68.39999999999999,2023-08-27 14:41:04.0,7,2023-08-27 14:41:04.0,95.74661345214918,2023-08-27 14:41:04.0,353880,2023-08-27 14:41:04.0,197122.0,2023-08-27 14:41:04.0,480.3474602838919,2023-08-27 14:41:04.0,980.0000000000001,4,2023-08-27 14:41:04.0,68.39999999999999
2023-08-27 14:41:10.0,0.2328847804197879,2023-08-27 14:41:10.0,66.6,2023-08-27 14:41:10.0,7,2023-08-27 14:41:10.0,95.75257463423343,2023-08-27 14:41:10.0,354180,2023-08-27 14:41:10.0,197491.0,2023-08-27 14:41:10.0,476.62197056773675,2023-08-27 14:41:10.0,980.0,4,2023-08-27 14:41:10.0,66.6
2023-08-27 14:41:16.0,0.2387297753713723,2023-08-27 14:41:16.0,68.33333333333333,2023-08-27 14:41:16.0,7,2023-08-27 14:41:16.0,95.7589775298651,2023-08-27 14:41:16.0,355920,2023-08-27 14:41:16.0,197853.0,2023-08-27 14:41:16.0,479.81390037034214,2023-08-27 14:41:16.0,980.0000000000001,4,2023-08-27 14:41:16.0,68.33333333333333
2023-08-27 14:41:22.0,0.2495032366138297,2023-08-27 14:41:22.0,66.8,2023-08-27 14:41:22.0,7,2023-08-27 14:41:22.0,95.76675603187633,2023-08-27 14:41:22.0,356520,2023-08-27 14:41:22.0,198219.0,2023-08-27 14:41:22.0,482.55568707251564,2023-08-27 14:41:22.0,980.0,4,2023-08-27 14:41:22.0,66.8
2023-08-27 14:41:28.0,0.2542491333889563,2023-08-27 14:41:28.0,64.46666666666667,2023-08-27 14:41:28.0,7,2023-08-27 14:41:28.0,95.77528060919612,2023-08-27 14:41:28.0,356820,2023-08-27 14:41:28.0,198664.0,2023-08-27 14:41:28.0,482.3812044518047,2023-08-27 14:41:28.0,980.0,4,2023-08-27 14:41:28.0,64.46666666666667
2023-08-27 14:41:34.0,0.22467085820758195,2023-08-27 14:41:34.0,63.79999999999999,2023-08-27 14:41:34.0,7,2023-08-27 14:41:34.0,95.78193051220345,2023-08-27 14:41:34.0,357120,2023-08-27 14:41:34.0,199098.0,2023-08-27 14:41:34.0,475.8922836738545,2023-08-27 14:41:34.0,980.0,4,2023-08-27 14:41:34.0,63.79999999999999
2023-08-27 14:41:40.0,0.2670592998053563,2023-08-27 14:41:40.0,66.93333333333332,2023-08-27 14:41:40.0,7,2023-08-27 14:41:40.0,95.78800506899381,2023-08-27 14:41:40.0,357420,2023-08-27 14:41:40.0,199485.0,2023-08-27 14:41:40.0,474.9099416437874,2023-08-27 14:41:40.0,980.0000000000001,4,2023-08-27 14:41:40.0,66.93333333333332
2023-08-27 14:41:46.0,0.25844087502573665,2023-08-27 14:41:46.0,68.13333333333333,2023-08-27 14:41:46.0,7,2023-08-27 14:41:46.0,95.79405057943954,2023-08-27 14:41:46.0,357720,2023-08-27 14:41:46.0,199825.0,2023-08-27 14:41:46.0,479.07987986836423,2023-08-27 14:41:46.0,980.0000000000001,4,2023-08-27 14:41:46.0,68.13333333333333
2023-08-27 14:41:52.0,0.2524574275494553,2023-08-27 14:41:52.0,69.33333333333333,2023-08-27 14:41:52.0,7,2023-08-27 14:41:52.0,95.80245749179349,2023-08-27 14:41:52.0,358320,2023-08-27 14:41:52.0,200224.0,2023-08-27 14:41:52.0,473.033957113032,2023-08-27 14:41:52.0,980.0000000000001,4,2023-08-27 14:41:52.0,69.33333333333333
2023-08-27 14:41:58.0,0.2361361397214548,2023-08-27 14:41:58.0,68.33333333333333,2023-08-27 14:41:58.0,7,2023-08-27 14:41:58.0,95.81113693368192,2023-08-27 14:41:58.0,358620,2023-08-27 14:41:58.0,200702.0,2023-08-27 14:41:58.0,473.265498634224,2023-08-27 14:41:58.0,980.0000000000001,4,2023-08-27 14:41:58.0,68.33333333333333
2023-08-27 14:42:04.0,0.2442632712025503,2023-08-27 14:42:04.0,67.33333333333333,2023-08-27 14:42:04.0,7,2023-08-27 14:42:04.0,95.81769041716778,2023-08-27 14:42:04.0,358920,2023-08-27 14:42:04.0,201131.0,2023-08-27 14:42:04.0,482.1543255375433,2023-08-27 14:42:04.0,980.0,4,2023-08-27 14:42:04.0,67.33333333333333
2023-08-27 14:42:10.0,0.2688422108608692,2023-08-27 14:42:10.0,66.66473371992268,2023-08-27 14:42:10.0,7,2023-08-27 14:42:10.0,95.82354125617135,2023-08-27 14:42:10.0,359220,2023-08-27 14:42:10.0,201514.0,2023-08-27 14:42:10.0,484.50774898617664,2023-08-27 14:42:10.0,979.9999999999999,4,2023-08-27 14:42:10.0,66.66473371992268
2023-08-27 14:42:16.0,0.21985844096193768,2023-08-27 14:42:16.0,69.33333333333333,2023-08-27 14:42:16.0,7,2023-08-27 14:42:16.0,95.82987178908694,2023-08-27 14:42:16.0,360960,2023-08-27 14:42:16.0,201882.0,2023-08-27 14:42:16.0,484.5168455724068,2023-08-27 14:42:16.0,980.0,4,2023-08-27 14:42:16.0,69.33333333333333
2023-08-27 14:42:22.0,0.25379758983491774,2023-08-27 14:42:22.0,71.73333333333333,2023-08-27 14:42:22.0,7,2023-08-27 14:42:22.0,95.83834483184182,2023-08-27 14:42:22.0,361560,2023-08-27 14:42:22.0,202294.0,2023-08-27 14:42:22.0,472.06738787643144,2023-08-27 14:42:22.0,979.9999999999999,4,2023-08-27 14:42:22.0,71.73333333333333
2023-08-27 14:42:28.0,0.25844104821083413,2023-08-27 14:42:28.0,71.0,2023-08-27 14:42:28.0,7,2023-08-27 14:42:28.0,95.8471690928061,2023-08-27 14:42:28.0,361860,2023-08-27 14:42:28.0,202778.0,2023-08-27 14:42:28.0,476.3431357887341,2023-08-27 14:42:28.0,980.0,4,2023-08-27 14:42:28.0,71.0
2023-08-27 14:42:34.0,0.24299385004510257,2023-08-27 14:42:34.0,70.2,2023-08-27 14:42:34.0,7,2023-08-27 14:42:34.0,95.85407204404312,2023-08-27 14:42:34.0,362160,2023-08-27 14:42:34.0,203241.0,2023-08-27 14:42:34.0,479.94852948194335,2023-08-27 14:42:34.0,980.0,4,2023-08-27 14:42:34.0,70.2
2023-08-27 14:42:40.0,0.2673763069820229,2023-08-27 14:42:40.0,68.99999999999999,2023-08-27 14:42:40.0,7,2023-08-27 14:42:40.0,95.85978689678437,2023-08-27 14:42:40.0,362460,2023-08-27 14:42:40.0,203606.0,2023-08-27 14:42:40.0,484.6314448635276,2023-08-27 14:42:40.0,980.0,4,2023-08-27 14:42:40.0,68.99999999999999
2023-08-27 14:42:46.0,0.2695291799519947,2023-08-27 14:42:46.0,66.26666666666667,2023-08-27 14:42:46.0,7,2023-08-27 14:42:46.0,95.86532238412167,2023-08-27 14:42:46.0,363060,2023-08-27 14:42:46.0,203915.0,2023-08-27 14:42:46.0,479.4205066240193,2023-08-27 14:42:46.0,979.9999999999999,4,2023-08-27 14:42:46.0,66.26666666666667
2023-08-27 14:42:52.0,0.27216848471285754,2023-08-27 14:42:52.0,64.66666666666667,2023-08-27 14:42:52.0,7,2023-08-27 14:42:52.0,95.87288809018695,2023-08-27 14:42:52.0,363360,2023-08-27 14:42:52.0,204299.0,2023-08-27 14:42:52.0,479.14984183710874,2023-08-27 14:42:52.0,980.0,4,2023-08-27 14:42:52.0,64.66666666666667
2023-08-27 14:42:58.0,0.2561274136566554,2023-08-27 14:42:58.0,66.33333333333333,2023-08-27 14:42:58.0,7,2023-08-27 14:42:58.0,95.88139772895657,2023-08-27 14:42:58.0,363660,2023-08-27 14:42:58.0,204775.0,2023-08-27 14:42:58.0,480.10468718026755,2023-08-27 14:42:58.0,980.0,4,2023-08-27 14:42:58.0,66.33333333333333
2023-08-27 14:43:04.0,0.2499161814236276,2023-08-27 14:43:04.0,68.39999999999999,2023-08-27 14:43:04.0,7,2023-08-27 14:43:04.0,95.88789978682081,2023-08-27 14:43:04.0,363960,2023-08-27 14:43:04.0,205230.0,2023-08-27 14:43:04.0,481.5101883596036,2023-08-27 14:43:04.0,979.9999999999999,4,2023-08-27 14:43:04.0,68.39999999999999
2023-08-27 14:43:10.0,0.2661345308440677,2023-08-27 14:43:10.0,70.6,2023-08-27 14:43:10.0,7,2023-08-27 14:43:10.0,95.89400949345685,2023-08-27 14:43:10.0,364260,2023-08-27 14:43:10.0,205629.0,2023-08-27 14:43:10.0,479.23018327825565,2023-08-27 14:43:10.0,980.0000000000001,4,2023-08-27 14:43:10.0,70.6
2023-08-27 14:43:16.0,0.23861056819702,2023-08-27 14:43:16.0,68.66666666666667,2023-08-27 14:43:16.0,7,2023-08-27 14:43:16.0,95.89939163229958,2023-08-27 14:43:16.0,366300,2023-08-27 14:43:16.0,205949.0,2023-08-27 14:43:16.0,483.5494795657341,2023-08-27 14:43:16.0,980.0000000000001,4,2023-08-27 14:43:16.0,68.66666666666667
2023-08-27 14:43:22.0,0.2337371255914114,2023-08-27 14:43:22.0,64.39999999999999,2023-08-27 14:43:22.0,7,2023-08-27 14:43:22.0,95.90639868305514,2023-08-27 14:43:22.0,366600,2023-08-27 14:43:22.0,206292.0,2023-08-27 14:43:22.0,487.56555651698227,2023-08-27 14:43:22.0,980.0,4,2023-08-27 14:43:22.0,64.39999999999999
2023-08-27 14:43:28.0,0.25604875896237544,2023-08-27 14:43:28.0,59.06666666666667,2023-08-27 14:43:28.0,7,2023-08-27 14:43:28.0,95.91348909182842,2023-08-27 14:43:28.0,366900,2023-08-27 14:43:28.0,206691.0,2023-08-27 14:43:28.0,478.77480378500223,2023-08-27 14:43:28.0,980.0,3,2023-08-27 14:43:28.0,59.06666666666667
2023-08-27 14:43:34.0,0.25785354564828944,2023-08-27 14:43:34.0,58.86666666666666,2023-08-27 14:43:34.0,7,2023-08-27 14:43:34.0,95.91927479570317,2023-08-27 14:43:35.0,367200,2023-08-27 14:43:34.0,207100.0,2023-08-27 14:43:35.0,475.06051625594563,2023-08-27 14:43:35.0,980.0,3,2023-08-27 14:43:35.0,58.86666666666666
2023-08-27 14:43:41.0,0.24325761061482756,2023-08-27 14:43:41.0,60.733333333333334,2023-08-27 14:43:41.0,7,2023-08-27 14:43:41.0,95.92449645397996,2023-08-27 14:43:41.0,367500,2023-08-27 14:43:41.0,207452.0,2023-08-27 14:43:41.0,476.0787329138132,2023-08-27 14:43:41.0,980.0,4,2023-08-27 14:43:41.0,60.733333333333334
2023-08-27 14:43:47.0,0.2309201249732812,2023-08-27 14:43:47.0,64.39999999999999,2023-08-27 14:43:47.0,7,2023-08-27 14:43:47.0,95.9299274946738,2023-08-27 14:43:47.0,368100,2023-08-27 14:43:47.0,207787.0,2023-08-27 14:43:47.0,474.70150084606917,2023-08-27 14:43:47.0,980.0,4,2023-08-27 14:43:47.0,64.39999999999999
2023-08-27 14:43:53.0,0.24753902722574483,2023-08-27 14:43:53.0,64.73333333333333,2023-08-27 14:43:53.0,7,2023-08-27 14:43:53.0,95.93734030572979,2023-08-27 14:43:53.0,368400,2023-08-27 14:43:53.0,208154.0,2023-08-27 14:43:53.0,471.49425912988625,2023-08-27 14:43:53.0,980.0,4,2023-08-27 14:43:53.0,64.73333333333333
2023-08-27 14:43:59.0,0.22907629489828693,2023-08-27 14:43:59.0,66.73333333333333,2023-08-27 14:43:59.0,7,2023-08-27 14:43:59.0,95.94568653745935,2023-08-27 14:43:59.0,368700,2023-08-27 14:43:59.0,208646.0,2023-08-27 14:43:59.0,467.5993196080271,2023-08-27 14:43:59.0,980.0,4,2023-08-27 14:43:59.0,66.73333333333333
2023-08-27 14:44:05.0,0.21564906696595426,2023-08-27 14:44:05.0,67.60000000000001,2023-08-27 14:44:05.0,7,2023-08-27 14:44:05.0,95.9519685068654,2023-08-27 14:44:05.0,369000,2023-08-27 14:44:05.0,209082.0,2023-08-27 14:44:05.0,475.0040243760916,2023-08-27 14:44:05.0,980.0,4,2023-08-27 14:44:05.0,67.60000000000001
2023-08-27 14:44:11.0,0.25374062077077875,2023-08-27 14:44:11.0,69.39999999999999,2023-08-27 14:44:11.0,7,2023-08-27 14:44:11.0,95.9576130694623,2023-08-27 14:44:11.0,369300,2023-08-27 14:44:11.0,209469.0,2023-08-27 14:44:11.0,478.87697142402186,2023-08-27 14:44:11.0,980.0,4,2023-08-27 14:44:11.0,69.39999999999999
2023-08-27 14:44:17.0,0.24720175744126857,2023-08-27 14:44:17.0,68.86666666666666,2023-08-27 14:44:17.0,7,2023-08-27 14:44:17.0,95.96341620645342,2023-08-27 14:44:17.0,371340,2023-08-27 14:44:17.0,209827.0,2023-08-27 14:44:17.0,484.90610319458403,2023-08-27 14:44:17.0,979.9999999999999,4,2023-08-27 14:44:17.0,68.86666666666666
2023-08-27 14:44:23.0,0.2275528827402074,2023-08-27 14:44:23.0,69.33333333333333,2023-08-27 14:44:23.0,7,2023-08-27 14:44:23.0,95.97111270978553,2023-08-27 14:44:23.0,371640,2023-08-27 14:44:23.0,210219.0,2023-08-27 14:44:23.0,489.9356149395621,2023-08-27 14:44:23.0,979.9999999999999,4,2023-08-27 14:44:23.0,69.33333333333333
2023-08-27 14:44:29.0,0.2530970965694316,2023-08-27 14:44:29.0,70.53333333333333,2023-08-27 14:44:29.0,7,2023-08-27 14:44:29.0,95.97972440265978,2023-08-27 14:44:29.0,371940,2023-08-27 14:44:29.0,210734.0,2023-08-27 14:44:29.0,483.4750793656314,2023-08-27 14:44:29.0,980.0,4,2023-08-27 14:44:29.0,70.53333333333333
2023-08-27 14:44:35.0,0.25247472359769046,2023-08-27 14:44:35.0,70.2,2023-08-27 14:44:35.0,7,2023-08-27 14:44:35.0,95.98591638383357,2023-08-27 14:44:35.0,372240,2023-08-27 14:44:35.0,211185.0,2023-08-27 14:44:35.0,476.7596921758099,2023-08-27 14:44:35.0,980.0,4,2023-08-27 14:44:35.0,70.86666666666667
2023-08-27 14:44:41.0,0.26302350936283525,2023-08-27 14:44:41.0,70.66666666666666,2023-08-27 14:44:41.0,7,2023-08-27 14:44:41.0,95.99154726165719,2023-08-27 14:44:41.0,372540,2023-08-27 14:44:41.0,211570.0,2023-08-27 14:44:41.0,477.02970819659686,2023-08-27 14:44:41.0,980.0,4,2023-08-27 14:44:41.0,70.66666666666666
2023-08-27 14:44:47.0,0.2508935611027707,2023-08-27 14:44:47.0,73.46666666666667,2023-08-27 14:44:47.0,7,2023-08-27 14:44:47.0,95.99804868786917,2023-08-27 14:44:47.0,373140,2023-08-27 14:44:47.0,211977.0,2023-08-27 14:44:47.0,476.05235358037567,2023-08-27 14:44:47.0,980.0,4,2023-08-27 14:44:47.0,73.46666666666667
2023-08-27 14:44:53.0,0.24500783773773688,2023-08-27 14:44:53.0,76.6,2023-08-27 14:44:53.0,7,2023-08-27 14:44:53.0,96.00625104584117,2023-08-27 14:44:53.0,373440,2023-08-27 14:44:53.0,212420.0,2023-08-27 14:44:53.0,475.48731827754557,2023-08-27 14:44:53.0,980.0,4,2023-08-27 14:44:53.0,76.6
2023-08-27 14:44:59.0,0.2739261952086703,2023-08-27 14:44:59.0,77.66666666666666,2023-08-27 14:44:59.0,7,2023-08-27 14:44:59.0,96.0163395868027,2023-08-27 14:44:59.0,373740,2023-08-27 14:44:59.0,213042.0,2023-08-27 14:44:59.0,474.4911197690439,2023-08-27 14:44:59.0,980.0,4,2023-08-27 14:44:59.0,77.66666666666667
2023-08-27 14:45:05.0,0.2720026150108518,2023-08-27 14:45:05.0,78.33333333333334,2023-08-27 14:45:05.0,7,2023-08-27 14:45:05.0,96.0228251167409,2023-08-27 14:45:05.0,374040,2023-08-27 14:45:05.0,213537.0,2023-08-27 14:45:05.0,474.2560541149604,2023-08-27 14:45:05.0,980.0000000000001,4,2023-08-27 14:45:05.0,78.33333333333334
2023-08-27 14:45:11.0,0.2949815801335351,2023-08-27 14:45:11.0,77.8,2023-08-27 14:45:11.0,7,2023-08-27 14:45:11.0,96.02862800374177,2023-08-27 14:45:11.0,374340,2023-08-27 14:45:11.0,213915.0,2023-08-27 14:45:11.0,473.2114093096571,2023-08-27 14:45:11.0,980.0,4,2023-08-27 14:45:11.0,77.8
2023-08-27 14:45:17.0,0.2758889175643713,2023-08-27 14:45:17.0,72.46666666666667,2023-08-27 14:45:17.0,7,2023-08-27 14:45:17.0,96.03418316971415,2023-08-27 14:45:17.0,376380,2023-08-27 14:45:17.0,214252.0,2023-08-27 14:45:17.0,479.50662676302113,2023-08-27 14:45:17.0,980.0,4,2023-08-27 14:45:17.0,72.46666666666667
2023-08-27 14:45:23.0,0.25407492394208786,2023-08-27 14:45:23.0,72.93333333333332,2023-08-27 14:45:23.0,7,2023-08-27 14:45:23.0,96.04205202072295,2023-08-27 14:45:23.0,376680,2023-08-27 14:45:23.0,214684.0,2023-08-27 14:45:23.0,480.59189640529536,2023-08-27 14:45:23.0,980.0,4,2023-08-27 14:45:23.0,72.93333333333332
2023-08-27 14:45:29.0,0.28726038390687464,2023-08-27 14:45:29.0,75.33333333333333,2023-08-27 14:45:29.0,7,2023-08-27 14:45:29.0,96.05166482097468,2023-08-27 14:45:29.0,376980,2023-08-27 14:45:29.0,215295.0,2023-08-27 14:45:29.0,477.80998634131083,2023-08-27 14:45:29.0,980.0000000000001,4,2023-08-27 14:45:29.0,75.33333333333333
2023-08-27 14:45:35.0,0.2789567987726959,2023-08-27 14:45:35.0,77.6,2023-08-27 14:45:35.0,7,2023-08-27 14:45:35.0,96.05792533689535,2023-08-27 14:45:35.0,377280,2023-08-27 14:45:35.0,215782.0,2023-08-27 14:45:35.0,477.6243771078,2023-08-27 14:45:35.0,980.0,4,2023-08-27 14:45:35.0,77.60000000000001
2023-08-27 14:45:41.0,0.28866019416325,2023-08-27 14:45:41.0,75.46666666666665,2023-08-27 14:45:41.0,7,2023-08-27 14:45:41.0,96.06342621083685,2023-08-27 14:45:41.0,377580,2023-08-27 14:45:41.0,216137.0,2023-08-27 14:45:41.0,476.21998965779335,2023-08-27 14:45:41.0,980.0,4,2023-08-27 14:45:41.0,75.46666666666665
2023-08-27 14:45:47.0,0.271514655355763,2023-08-27 14:45:47.0,71.4,2023-08-27 14:45:47.0,7,2023-08-27 14:45:47.0,96.06858819297084,2023-08-27 14:45:47.0,378180,2023-08-27 14:45:47.0,216480.0,2023-08-27 14:45:47.0,472.3604495344326,2023-08-27 14:45:47.0,980.0000000000001,4,2023-08-27 14:45:47.0,71.4
2023-08-27 14:45:53.0,0.2795173038065569,2023-08-27 14:45:53.0,68.73333333333333,2023-08-27 14:45:53.0,7,2023-08-27 14:45:53.0,96.07584655250379,2023-08-27 14:45:53.0,378480,2023-08-27 14:45:53.0,216863.0,2023-08-27 14:45:53.0,470.06507321955934,2023-08-27 14:45:53.0,979.9999999999999,4,2023-08-27 14:45:53.0,68.73333333333333
2023-08-27 14:45:59.0,0.27704572577255265,2023-08-27 14:45:59.0,67.2,2023-08-27 14:45:59.0,7,2023-08-27 14:45:59.0,96.08414768842165,2023-08-27 14:45:59.0,378780,2023-08-27 14:45:59.0,217390.0,2023-08-27 14:45:59.0,468.16675054237464,2023-08-27 14:45:59.0,980.0000000000001,4,2023-08-27 14:45:59.0,67.2
2023-08-27 14:46:05.0,0.25396868476378043,2023-08-27 14:46:05.0,69.39999999999999,2023-08-27 14:46:05.0,7,2023-08-27 14:46:05.0,96.0898167132562,2023-08-27 14:46:05.0,379080,2023-08-27 14:46:05.0,217855.0,2023-08-27 14:46:05.0,470.73760873605806,2023-08-27 14:46:05.0,980.0,4,2023-08-27 14:46:05.0,69.39999999999999
2023-08-27 14:46:11.0,0.2627446072503696,2023-08-27 14:46:11.0,73.19999999999999,2023-08-27 14:46:11.0,7,2023-08-27 14:46:11.0,96.09548802934953,2023-08-27 14:46:11.0,379380,2023-08-27 14:46:11.0,218240.0,2023-08-27 14:46:11.0,472.39577221496745,2023-08-27 14:46:11.0,980.0,4,2023-08-27 14:46:11.0,73.19999999999999
2023-08-27 14:46:17.0,0.2568447462056447,2023-08-27 14:46:17.0,76.73333333333332,2023-08-27 14:46:17.0,7,2023-08-27 14:46:17.0,96.10170804338291,2023-08-27 14:46:17.0,381420,2023-08-27 14:46:17.0,218650.0,2023-08-27 14:46:17.0,472.22960564691203,2023-08-27 14:46:17.0,979.9999999999999,4,2023-08-27 14:46:17.0,76.73333333333332
2023-08-27 14:46:23.0,0.25482608890511915,2023-08-27 14:46:23.0,76.13333333333333,2023-08-27 14:46:23.0,7,2023-08-27 14:46:23.0,96.10944092326159,2023-08-27 14:46:23.0,381720,2023-08-27 14:46:23.0,219118.0,2023-08-27 14:46:23.0,476.98358979719774,2023-08-27 14:46:23.0,980.0,4,2023-08-27 14:46:23.0,76.13333333333333
2023-08-27 14:46:29.0,0.25526796604846297,2023-08-27 14:46:29.0,71.33333333333333,2023-08-27 14:46:29.0,7,2023-08-27 14:46:29.0,96.11769895942382,2023-08-27 14:46:29.0,382020,2023-08-27 14:46:29.0,219618.0,2023-08-27 14:46:29.0,486.0162708485328,2023-08-27 14:46:29.0,980.0,4,2023-08-27 14:46:29.0,71.33333333333333
2023-08-27 14:46:35.0,0.26736810133103667,2023-08-27 14:46:35.0,73.13333333333333,2023-08-27 14:46:35.0,7,2023-08-27 14:46:35.0,96.12355473082019,2023-08-27 14:46:35.0,382320,2023-08-27 14:46:35.0,220095.0,2023-08-27 14:46:35.0,490.24389488449685,2023-08-27 14:46:35.0,980.0,4,2023-08-27 14:46:35.0,73.13333333333333
2023-08-27 14:46:41.0,0.28195891963890213,2023-08-27 14:46:41.0,72.60000000000001,2023-08-27 14:46:41.0,7,2023-08-27 14:46:41.0,96.12909953035219,2023-08-27 14:46:41.0,382620,2023-08-27 14:46:41.0,220459.0,2023-08-27 14:46:41.0,487.24149172584504,2023-08-27 14:46:41.0,980.0000000000001,4,2023-08-27 14:46:41.0,72.60000000000001
2023-08-27 14:46:47.0,0.26147606622659936,2023-08-27 14:46:47.0,72.93333333333332,2023-08-27 14:46:47.0,7,2023-08-27 14:46:47.0,96.13439010287078,2023-08-27 14:46:47.0,383220,2023-08-27 14:46:47.0,220812.0,2023-08-27 14:46:47.0,482.3391322734776,2023-08-27 14:46:47.0,980.0000000000001,4,2023-08-27 14:46:47.0,72.93333333333332
2023-08-27 14:46:53.0,0.2640072759316596,2023-08-27 14:46:53.0,71.8,2023-08-27 14:46:53.0,7,2023-08-27 14:46:53.0,96.14180057883635,2023-08-27 14:46:53.0,383520,2023-08-27 14:46:53.0,221283.0,2023-08-27 14:46:53.0,479.1028858822023,2023-08-27 14:46:53.0,980.0000000000001,4,2023-08-27 14:46:53.0,71.8
2023-08-27 14:46:59.0,0.26077022458162746,2023-08-27 14:46:59.0,74.46666666666667,2023-08-27 14:46:59.0,7,2023-08-27 14:46:59.0,96.15083947659211,2023-08-27 14:46:59.0,383820,2023-08-27 14:46:59.0,221832.0,2023-08-27 14:46:59.0,479.15167902573955,2023-08-27 14:46:59.0,980.0,4,2023-08-27 14:46:59.0,74.46666666666667
2023-08-27 14:47:05.0,0.2503995586331003,2023-08-27 14:47:05.0,78.13333333333333,2023-08-27 14:47:05.0,7,2023-08-27 14:47:05.0,96.15700688020907,2023-08-27 14:47:05.0,384120,2023-08-27 14:47:05.0,222339.0,2023-08-27 14:47:05.0,473.84868861820064,2023-08-27 14:47:05.0,980.0,4,2023-08-27 14:47:05.0,78.13333333333333
2023-08-27 14:47:11.0,0.2760668425045662,2023-08-27 14:47:11.0,75.66666666666667,2023-08-27 14:47:11.0,7,2023-08-27 14:47:11.0,96.16220691879974,2023-08-27 14:47:11.0,384420,2023-08-27 14:47:11.0,222689.0,2023-08-27 14:47:11.0,473.2391630245961,2023-08-27 14:47:11.0,979.9999999999999,4,2023-08-27 14:47:11.0,75.66666666666667
2023-08-27 14:47:17.0,0.26920358410273765,2023-08-27 14:47:17.0,71.99999999999999,2023-08-27 14:47:17.0,7,2023-08-27 14:47:17.0,96.167455552887,2023-08-27 14:47:17.0,386460,2023-08-27 14:47:17.0,223041.0,2023-08-27 14:47:17.0,472.97273581437594,2023-08-27 14:47:17.0,980.0,4,2023-08-27 14:47:17.0,71.99999999999999
2023-08-27 14:47:23.0,0.26832839859885127,2023-08-27 14:47:23.0,71.06666666666666,2023-08-27 14:47:23.0,7,2023-08-27 14:47:23.0,96.17441957598125,2023-08-27 14:47:23.0,386760,2023-08-27 14:47:23.0,223495.0,2023-08-27 14:47:23.0,475.16308745946577,2023-08-27 14:47:23.0,980.0000000000001,4,2023-08-27 14:47:23.0,71.06666666666666
2023-08-27 14:47:29.0,0.2634944377913633,2023-08-27 14:47:29.0,70.26666666666667,2023-08-27 14:47:29.0,7,2023-08-27 14:47:29.0,96.18262300928552,2023-08-27 14:47:29.0,387060,2023-08-27 14:47:29.0,224003.0,2023-08-27 14:47:29.0,471.6511882547388,2023-08-27 14:47:29.0,980.0000000000001,4,2023-08-27 14:47:29.0,70.26666666666667
2023-08-27 14:47:35.0,0.25828072308058964,2023-08-27 14:47:35.0,72.86666666666666,2023-08-27 14:47:35.0,7,2023-08-27 14:47:35.0,96.18844158959196,2023-08-27 14:47:35.0,387360,2023-08-27 14:47:35.0,224490.0,2023-08-27 14:47:35.0,475.0847580358022,2023-08-27 14:47:35.0,980.0,4,2023-08-27 14:47:35.0,72.86666666666666
2023-08-27 14:47:41.0,0.28166905630730366,2023-08-27 14:47:41.0,72.33333333333333,2023-08-27 14:47:41.0,7,2023-08-27 14:47:41.0,96.19358635602408,2023-08-27 14:47:41.0,387660,2023-08-27 14:47:41.0,224837.0,2023-08-27 14:47:41.0,475.9864584480106,2023-08-27 14:47:41.0,980.0000000000001,4,2023-08-27 14:47:41.0,72.33333333333333
2023-08-27 14:47:47.0,0.2578177122701306,2023-08-27 14:47:47.0,72.26666666666667,2023-08-27 14:47:47.0,7,2023-08-27 14:47:47.0,96.19900571176512,2023-08-27 14:47:47.0,388260,2023-08-27 14:47:47.0,225206.0,2023-08-27 14:47:47.0,478.5874107675544,2023-08-27 14:47:47.0,980.0000000000001,4,2023-08-27 14:47:47.0,72.26666666666667
2023-08-27 14:47:53.0,0.2482642920406931,2023-08-27 14:47:53.0,70.33333333333331,2023-08-27 14:47:53.0,7,2023-08-27 14:47:53.0,96.2055544292369,2023-08-27 14:47:53.0,388560,2023-08-27 14:47:53.0,225641.0,2023-08-27 14:47:53.0,478.17672212465345,2023-08-27 14:47:53.0,979.9999999999999,4,2023-08-27 14:47:53.0,70.33333333333331
2023-08-27 14:47:59.0,0.2711214410223065,2023-08-27 14:47:59.0,70.53333333333333,2023-08-27 14:47:59.0,7,2023-08-27 14:47:59.0,96.21381138946715,2023-08-27 14:47:59.0,388860,2023-08-27 14:47:59.0,226162.0,2023-08-27 14:47:59.0,475.39086390523386,2023-08-27 14:47:59.0,980.0,4,2023-08-27 14:47:59.0,70.53333333333333
2023-08-27 14:48:05.0,0.25496228986974845,2023-08-27 14:48:05.0,71.66666666666666,2023-08-27 14:48:05.0,7,2023-08-27 14:48:05.0,96.21914878170453,2023-08-27 14:48:05.0,389160,2023-08-27 14:48:05.0,226621.0,2023-08-27 14:48:05.0,474.2102889711718,2023-08-27 14:48:05.0,980.0,4,2023-08-27 14:48:05.0,71.66666666666666
2023-08-27 14:48:11.0,0.2682830303692697,2023-08-27 14:48:11.0,72.73333333333333,2023-08-27 14:48:11.0,7,2023-08-27 14:48:11.0,96.22443898271015,2023-08-27 14:48:11.0,389460,2023-08-27 14:48:11.0,226992.0,2023-08-27 14:48:11.0,479.5654342380904,2023-08-27 14:48:11.0,980.0,4,2023-08-27 14:48:11.0,72.73333333333333
2023-08-27 14:48:17.0,0.27102562055845264,2023-08-27 14:48:17.0,74.73333333333332,2023-08-27 14:48:17.0,7,2023-08-27 14:48:17.0,96.22994490905708,2023-08-27 14:48:17.0,391500,2023-08-27 14:48:17.0,227392.0,2023-08-27 14:48:17.0,473.4050798157203,2023-08-27 14:48:17.0,980.0,4,2023-08-27 14:48:17.0,74.73333333333332
2023-08-27 14:48:23.0,0.28434120818586606,2023-08-27 14:48:23.0,76.6,2023-08-27 14:48:23.0,7,2023-08-27 14:48:23.0,96.23750364688452,2023-08-27 14:48:23.0,391800,2023-08-27 14:48:23.0,227884.0,2023-08-27 14:48:23.0,476.78317000783795,2023-08-27 14:48:23.0,980.0000000000001,4,2023-08-27 14:48:23.0,76.6
2023-08-27 14:48:29.0,0.281145513206406,2023-08-27 14:48:29.0,73.4,2023-08-27 14:48:29.0,7,2023-08-27 14:48:29.0,96.24508800336326,2023-08-27 14:48:29.0,392100,2023-08-27 14:48:29.0,228375.0,2023-08-27 14:48:29.0,472.40981823807016,2023-08-27 14:48:29.0,980.0,4,2023-08-27 14:48:29.0,73.4
2023-08-27 14:48:35.0,0.2563292055202989,2023-08-27 14:48:35.0,69.86666666666666,2023-08-27 14:48:35.0,7,2023-08-27 14:48:35.0,96.25028064261755,2023-08-27 14:48:35.0,392400,2023-08-27 14:48:35.0,228820.0,2023-08-27 14:48:35.0,474.9977729460363,2023-08-27 14:48:35.0,980.0,4,2023-08-27 14:48:35.0,69.86666666666666
2023-08-27 14:48:41.0,0.28020537506261367,2023-08-27 14:48:41.0,71.26666666666667,2023-08-27 14:48:41.0,7,2023-08-27 14:48:41.0,96.25547072760949,2023-08-27 14:48:41.0,392700,2023-08-27 14:48:41.0,229196.0,2023-08-27 14:48:41.0,482.8445647792312,2023-08-27 14:48:41.0,979.9999999999999,4,2023-08-27 14:48:41.0,71.26666666666667
2023-08-27 14:48:47.0,0.272169537029112,2023-08-27 14:48:47.0,71.53333333333333,2023-08-27 14:48:47.0,7,2023-08-27 14:48:47.0,96.26063261747892,2023-08-27 14:48:47.0,393300,2023-08-27 14:48:47.0,229560.0,2023-08-27 14:48:47.0,486.12139689878046,2023-08-27 14:48:47.0,979.9999999999999,4,2023-08-27 14:48:47.0,71.53333333333333
2023-08-27 14:48:53.0,0.26459519468682235,2023-08-27 14:48:53.0,77.66666666666667,2023-08-27 14:48:53.0,7,2023-08-27 14:48:53.0,96.26837419676527,2023-08-27 14:48:53.0,393600,2023-08-27 14:48:53.0,230095.0,2023-08-27 14:48:53.0,488.048392868116,2023-08-27 14:48:53.0,980.0,4,2023-08-27 14:48:53.0,77.66666666666667
2023-08-27 14:48:59.0,0.2940092756921297,2023-08-27 14:48:59.0,77.53333333333333,2023-08-27 14:48:59.0,7,2023-08-27 14:48:59.0,96.27649936634428,2023-08-27 14:48:59.0,393900,2023-08-27 14:48:59.0,230619.0,2023-08-27 14:48:59.0,483.8320892493827,2023-08-27 14:48:59.0,980.0,4,2023-08-27 14:48:59.0,77.53333333333333
2023-08-27 14:49:05.0,0.279752138767755,2023-08-27 14:49:05.0,74.8,2023-08-27 14:49:05.0,7,2023-08-27 14:49:05.0,96.28222436488507,2023-08-27 14:49:05.0,394200,2023-08-27 14:49:05.0,231122.0,2023-08-27 14:49:05.0,478.2103047144443,2023-08-27 14:49:05.0,980.0000000000001,4,2023-08-27 14:49:05.0,74.8
2023-08-27 14:49:11.0,0.28859169148694774,2023-08-27 14:49:11.0,73.53333333333333,2023-08-27 14:49:11.0,7,2023-08-27 14:49:11.0,96.28702417651799,2023-08-27 14:49:11.0,394500,2023-08-27 14:49:11.0,231475.0,2023-08-27 14:49:11.0,476.74428808228225,2023-08-27 14:49:11.0,980.0,4,2023-08-27 14:49:11.0,73.53333333333333
2023-08-27 14:49:17.0,0.27662322834951125,2023-08-27 14:49:17.0,72.93333333333334,2023-08-27 14:49:17.0,7,2023-08-27 14:49:17.0,96.29225411632906,2023-08-27 14:49:17.0,396540,2023-08-27 14:49:17.0,231849.0,2023-08-27 14:49:17.0,479.77527456829154,2023-08-27 14:49:17.0,980.0,4,2023-08-27 14:49:17.0,72.93333333333334
2023-08-27 14:49:23.0,0.26702213729684793,2023-08-27 14:49:23.0,73.33333333333334,2023-08-27 14:49:23.0,7,2023-08-27 14:49:23.0,96.29981227809171,2023-08-27 14:49:23.0,396840,2023-08-27 14:49:23.0,232361.0,2023-08-27 14:49:23.0,477.8069108483582,2023-08-27 14:49:23.0,979.9999999999999,4,2023-08-27 14:49:23.0,74.0
2023-08-27 14:49:29.0,0.2896457776919507,2023-08-27 14:49:29.0,75.0,2023-08-27 14:49:29.0,7,2023-08-27 14:49:29.0,96.30698543865991,2023-08-27 14:49:29.0,397140,2023-08-27 14:49:29.0,232855.0,2023-08-27 14:49:29.0,475.6275997770967,2023-08-27 14:49:29.0,980.0,4,2023-08-27 14:49:29.0,75.0
2023-08-27 14:49:35.0,0.28194343525221016,2023-08-27 14:49:35.0,74.0,2023-08-27 14:49:35.0,7,2023-08-27 14:49:35.0,96.31220773687573,2023-08-27 14:49:35.0,397440,2023-08-27 14:49:35.0,233315.0,2023-08-27 14:49:35.0,475.6910631219628,2023-08-27 14:49:35.0,980.0,4,2023-08-27 14:49:35.0,74.0
2023-08-27 14:49:41.0,0.29333722672551105,2023-08-27 14:49:41.0,74.06666666666666,2023-08-27 14:49:41.0,7,2023-08-27 14:49:41.0,96.3171611578955,2023-08-27 14:49:41.0,397740,2023-08-27 14:49:41.0,233686.0,2023-08-27 14:49:41.0,479.0591948389261,2023-08-27 14:49:41.0,980.0,4,2023-08-27 14:49:41.0,74.06666666666666
2023-08-27 14:49:47.0,0.29013057890869215,2023-08-27 14:49:47.0,73.33333333333333,2023-08-27 14:49:47.0,7,2023-08-27 14:49:47.0,96.32227668973613,2023-08-27 14:49:47.0,398340,2023-08-27 14:49:47.0,234058.0,2023-08-27 14:49:47.0,475.89456332643135,2023-08-27 14:49:47.0,979.9999999999999,4,2023-08-27 14:49:47.0,73.33333333333333
2023-08-27 14:49:53.0,0.2636253289708803,2023-08-27 14:49:53.0,73.66666666666667,2023-08-27 14:49:53.0,7,2023-08-27 14:49:53.0,96.33142821402627,2023-08-27 14:49:53.0,398640,2023-08-27 14:49:53.0,234638.0,2023-08-27 14:49:53.0,474.7826831797566,2023-08-27 14:49:53.0,980.0,4,2023-08-27 14:49:53.0,73.66666666666666
2023-08-27 14:49:59.0,0.2667617499160245,2023-08-27 14:49:59.0,71.13333333333333,2023-08-27 14:49:59.0,7,2023-08-27 14:49:59.0,96.3363695881575,2023-08-27 14:49:59.0,398940,2023-08-27 14:49:59.0,235021.0,2023-08-27 14:49:59.0,476.8190261864368,2023-08-27 14:49:59.0,980.0000000000001,4,2023-08-27 14:49:59.0,71.13333333333333
2023-08-27 14:50:05.0,0.26649262601184825,2023-08-27 14:50:05.0,71.73333333333333,2023-08-27 14:50:05.0,7,2023-08-27 14:50:05.0,96.341708696342,2023-08-27 14:50:05.0,399240,2023-08-27 14:50:05.0,235503.0,2023-08-27 14:50:05.0,480.770230965729,2023-08-27 14:50:05.0,980.0,4,2023-08-27 14:50:05.0,71.73333333333333
2023-08-27 14:50:11.0,0.2780806450244064,2023-08-27 14:50:11.0,72.26666666666667,2023-08-27 14:50:11.0,7,2023-08-27 14:50:11.0,96.34645040778118,2023-08-27 14:50:11.0,399540,2023-08-27 14:50:11.0,235857.0,2023-08-27 14:50:11.0,484.4823199128359,2023-08-27 14:50:11.0,980.0,4,2023-08-27 14:50:11.0,72.26666666666667
2023-08-27 14:50:17.0,0.2965121343448449,2023-08-27 14:50:17.0,72.4,2023-08-27 14:50:17.0,7,2023-08-27 14:50:17.0,96.3527588232693,2023-08-27 14:50:17.0,401580,2023-08-27 14:50:17.0,236262.0,2023-08-27 14:50:17.0,482.4397713490843,2023-08-27 14:50:17.0,980.0,4,2023-08-27 14:50:17.0,72.4
2023-08-27 14:50:23.0,0.27521578687909093,2023-08-27 14:50:23.0,72.2,2023-08-27 14:50:23.0,7,2023-08-27 14:50:23.0,96.35994084734637,2023-08-27 14:50:23.0,401880,2023-08-27 14:50:23.0,236779.0,2023-08-27 14:50:23.0,469.2590703355217,2023-08-27 14:50:23.0,980.0,4,2023-08-27 14:50:23.0,72.2
2023-08-27 14:50:29.0,0.277874505608405,2023-08-27 14:50:29.0,69.4,2023-08-27 14:50:29.0,7,2023-08-27 14:50:29.0,96.36475295158117,2023-08-27 14:50:29.0,402180,2023-08-27 14:50:29.0,237153.0,2023-08-27 14:50:29.0,471.3715381086731,2023-08-27 14:50:29.0,980.0,4,2023-08-27 14:50:29.0,69.4
2023-08-27 14:50:35.0,0.2466552498587118,2023-08-27 14:50:35.0,67.26666666666667,2023-08-27 14:50:35.0,7,2023-08-27 14:50:35.0,96.36929876271971,2023-08-27 14:50:35.0,402480,2023-08-27 14:50:35.0,237578.0,2023-08-27 14:50:35.0,467.9945096872056,2023-08-27 14:50:35.0,980.0,4,2023-08-27 14:50:35.0,67.26666666666665
2023-08-27 14:50:41.0,0.28521657146579926,2023-08-27 14:50:41.0,65.39999999999999,2023-08-27 14:50:41.0,7,2023-08-27 14:50:41.0,96.37365483028891,2023-08-27 14:50:41.0,402780,2023-08-27 14:50:41.0,237911.0,2023-08-27 14:50:41.0,476.6570531402727,2023-08-27 14:50:41.0,980.0000000000001,4,2023-08-27 14:50:41.0,65.39999999999999
2023-08-27 14:50:47.0,0.25911245026621077,2023-08-27 14:50:47.0,65.93333333333332,2023-08-27 14:50:47.0,7,2023-08-27 14:50:47.0,96.37953967583651,2023-08-27 14:50:47.0,403380,2023-08-27 14:50:47.0,238280.0,2023-08-27 14:50:47.0,474.40426277552615,2023-08-27 14:50:47.0,979.9999999999999,4,2023-08-27 14:50:47.0,65.93333333333332
2023-08-27 14:50:53.0,0.2384128734153564,2023-08-27 14:50:53.0,67.93066737758821,2023-08-27 14:50:53.0,7,2023-08-27 14:50:53.0,96.38609682279136,2023-08-27 14:50:53.0,403680,2023-08-27 14:50:53.0,238778.0,2023-08-27 14:50:53.0,478.2969109126043,2023-08-27 14:50:53.0,980.0,4,2023-08-27 14:50:53.0,67.93066737758821
2023-08-27 14:50:59.0,0.27342824875135463,2023-08-27 14:50:59.0,65.86666666666666,2023-08-27 14:50:59.0,7,2023-08-27 14:50:59.0,96.39055111532947,2023-08-27 14:50:59.0,403980,2023-08-27 14:50:59.0,239173.0,2023-08-27 14:50:59.0,481.02893734046387,2023-08-27 14:50:59.0,979.9999999999999,4,2023-08-27 14:50:59.0,65.86666666666666
2023-08-27 14:51:05.0,0.2629510891533447,2023-08-27 14:51:05.0,65.33333333333333,2023-08-27 14:51:05.0,7,2023-08-27 14:51:05.0,96.39493073667929,2023-08-27 14:51:05.0,404280,2023-08-27 14:51:05.0,239556.0,2023-08-27 14:51:05.0,478.8551107710267,2023-08-27 14:51:05.0,980.0,4,2023-08-27 14:51:05.0,65.33333333333333
2023-08-27 14:51:11.0,0.2582812107426298,2023-08-27 14:51:11.0,68.20263181292789,2023-08-27 14:51:11.0,7,2023-08-27 14:51:11.0,96.39966543210025,2023-08-27 14:51:11.0,404580,2023-08-27 14:51:11.0,239919.0,2023-08-27 14:51:11.0,478.0650997494656,2023-08-27 14:51:11.0,980.0,4,2023-08-27 14:51:11.0,68.20263181292789
2023-08-27 14:51:17.0,0.2378160603428659,2023-08-27 14:51:17.0,70.46666666666667,2023-08-27 14:51:17.0,7,2023-08-27 14:51:17.0,96.40590762898795,2023-08-27 14:51:17.0,406620,2023-08-27 14:51:17.0,240323.0,2023-08-27 14:51:17.0,482.4335866628697,2023-08-27 14:51:17.0,980.0,4,2023-08-27 14:51:17.0,70.46666666666667
2023-08-27 14:51:23.0,0.23914942619591426,2023-08-27 14:51:23.0,70.39999999999999,2023-08-27 14:51:23.0,7,2023-08-27 14:51:23.0,96.41283112113764,2023-08-27 14:51:23.0,406920,2023-08-27 14:51:23.0,240837.0,2023-08-27 14:51:23.0,485.8679062863772,2023-08-27 14:51:23.0,980.0,4,2023-08-27 14:51:23.0,70.39999999999999
2023-08-27 14:51:29.0,0.24241366607826287,2023-08-27 14:51:29.0,70.4255034745275,2023-08-27 14:51:29.0,7,2023-08-27 14:51:29.0,96.41778255238394,2023-08-27 14:51:29.0,407220,2023-08-27 14:51:29.0,241284.0,2023-08-27 14:51:29.0,485.70047744935727,2023-08-27 14:51:29.0,979.9999999999999,4,2023-08-27 14:51:29.0,70.4255034745275
2023-08-27 14:51:35.0,0.22415271492730313,2023-08-27 14:51:35.0,69.93333333333332,2023-08-27 14:51:35.0,7,2023-08-27 14:51:35.0,96.42242937508114,2023-08-27 14:51:35.0,407520,2023-08-27 14:51:35.0,241680.0,2023-08-27 14:51:35.0,482.781117640351,2023-08-27 14:51:35.0,979.9999999999999,4,2023-08-27 14:51:35.0,69.93333333333332
2023-08-27 14:51:41.0,0.25983037742408466,2023-08-27 14:51:41.0,70.73333333333332,2023-08-27 14:51:41.0,7,2023-08-27 14:51:41.0,96.42691412982806,2023-08-27 14:51:41.0,407820,2023-08-27 14:51:41.0,242031.0,2023-08-27 14:51:41.0,480.45114673012034,2023-08-27 14:51:41.0,980.0,4,2023-08-27 14:51:41.0,70.73333333333332
2023-08-27 14:51:47.0,0.25039967028957555,2023-08-27 14:51:47.0,72.13333333333333,2023-08-27 14:51:47.0,7,2023-08-27 14:51:47.0,96.43322452172886,2023-08-27 14:51:47.0,408420,2023-08-27 14:51:47.0,242454.0,2023-08-27 14:51:47.0,482.32921645465103,2023-08-27 14:51:47.0,980.0,4,2023-08-27 14:51:47.0,72.13333333333333
2023-08-27 14:51:53.0,0.23714872633346326,2023-08-27 14:51:53.0,69.73333333333333,2023-08-27 14:51:53.0,7,2023-08-27 14:51:53.0,96.4394996762948,2023-08-27 14:51:53.0,408720,2023-08-27 14:51:53.0,242934.0,2023-08-27 14:51:53.0,478.42257448264235,2023-08-27 14:51:53.0,980.0,4,2023-08-27 14:51:53.0,69.73333333333333
2023-08-27 14:51:59.0,0.2775911874308794,2023-08-27 14:51:59.0,67.66666666666667,2023-08-27 14:51:59.0,7,2023-08-27 14:51:59.0,96.44418887879624,2023-08-27 14:51:59.0,409020,2023-08-27 14:51:59.0,243365.0,2023-08-27 14:51:59.0,478.4291164162493,2023-08-27 14:51:59.0,980.0000000000001,4,2023-08-27 14:51:59.0,67.66666666666666
2023-08-27 14:52:05.0,0.25902438030133235,2023-08-27 14:52:05.0,69.6,2023-08-27 14:52:05.0,7,2023-08-27 14:52:05.0,96.44886685213882,2023-08-27 14:52:05.0,409320,2023-08-27 14:52:05.0,243774.0,2023-08-27 14:52:05.0,478.3286560805566,2023-08-27 14:52:05.0,980.0000000000001,4,2023-08-27 14:52:05.0,69.6
2023-08-27 14:52:11.0,0.2732721921408153,2023-08-27 14:52:11.0,69.26666666666667,2023-08-27 14:52:11.0,7,2023-08-27 14:52:11.0,96.45311036492143,2023-08-27 14:52:11.0,409620,2023-08-27 14:52:11.0,244116.0,2023-08-27 14:52:11.0,475.71105175975634,2023-08-27 14:52:11.0,980.0,4,2023-08-27 14:52:11.0,69.26666666666667
2023-08-27 14:52:17.0,0.2556042657737206,2023-08-27 14:52:17.0,70.13333333333333,2023-08-27 14:52:17.0,7,2023-08-27 14:52:17.0,96.4591941484138,2023-08-27 14:52:17.0,411660,2023-08-27 14:52:17.0,244519.0,2023-08-27 14:52:17.0,477.00225666195047,2023-08-27 14:52:17.0,980.0,4,2023-08-27 14:52:17.0,70.13333333333333
2023-08-27 14:52:23.0,0.2560736943800996,2023-08-27 14:52:23.0,69.66666666666666,2023-08-27 14:52:23.0,7,2023-08-27 14:52:23.0,96.46576523553094,2023-08-27 14:52:23.0,411960,2023-08-27 14:52:23.0,245029.0,2023-08-27 14:52:23.0,469.5944873544086,2023-08-27 14:52:23.0,980.0000000000001,4,2023-08-27 14:52:23.0,69.66666666666666
2023-08-27 14:52:29.0,0.2555976240077725,2023-08-27 14:52:29.0,69.33333333333333,2023-08-27 14:52:29.0,7,2023-08-27 14:52:29.0,96.4703724162493,2023-08-27 14:52:29.0,412260,2023-08-27 14:52:29.0,245455.0,2023-08-27 14:52:29.0,472.57541383475734,2023-08-27 14:52:29.0,979.9999999999999,4,2023-08-27 14:52:29.0,69.33333333333333
2023-08-27 14:52:35.0,0.25400480977754963,2023-08-27 14:52:35.0,69.8,2023-08-27 14:52:35.0,7,2023-08-27 14:52:35.0,96.47509321408685,2023-08-27 14:52:35.0,412560,2023-08-27 14:52:35.0,245870.0,2023-08-27 14:52:35.0,480.72531468849536,2023-08-27 14:52:35.0,980.0000000000001,4,2023-08-27 14:52:35.0,69.80000000000001
2023-08-27 14:52:41.0,0.2678405784162539,2023-08-27 14:52:41.0,68.86666666666666,2023-08-27 14:52:41.0,7,2023-08-27 14:52:41.0,96.4792128267384,2023-08-27 14:52:41.0,413160,2023-08-27 14:52:41.0,246206.0,2023-08-27 14:52:41.0,481.1047561938183,2023-08-27 14:52:41.0,980.0,4,2023-08-27 14:52:41.0,68.86666666666666
2023-08-27 14:52:47.0,0.2495022563526573,2023-08-27 14:52:47.0,70.06666666666666,2023-08-27 14:52:47.0,7,2023-08-27 14:52:47.0,96.48503239237456,2023-08-27 14:52:47.0,413460,2023-08-27 14:52:47.0,246605.0,2023-08-27 14:52:47.0,480.31733084871723,2023-08-27 14:52:47.0,979.9999999999999,4,2023-08-27 14:52:47.0,70.06666666666666
2023-08-27 14:52:53.0,0.24868642582407552,2023-08-27 14:52:53.0,65.06666666666666,2023-08-27 14:52:53.0,7,2023-08-27 14:52:53.0,96.49096770071498,2023-08-27 14:52:53.0,413760,2023-08-27 14:52:53.0,247051.0,2023-08-27 14:52:53.0,477.49994295550044,2023-08-27 14:52:53.0,979.9999999999999,4,2023-08-27 14:52:53.0,65.06666666666666
2023-08-27 14:52:59.0,0.260216476436146,2023-08-27 14:52:59.0,62.06666666666666,2023-08-27 14:52:59.0,7,2023-08-27 14:52:59.0,96.49500628524343,2023-08-27 14:52:59.0,414060,2023-08-27 14:52:59.0,247438.0,2023-08-27 14:52:59.0,471.0648103553388,2023-08-27 14:52:59.0,980.0,4,2023-08-27 14:52:59.0,62.06666666666666
2023-08-27 14:53:05.0,0.23424581812910533,2023-08-27 14:53:05.0,61.13333333333333,2023-08-27 14:53:05.0,7,2023-08-27 14:53:05.0,96.4988424646555,2023-08-27 14:53:05.0,414360,2023-08-27 14:53:05.0,247802.0,2023-08-27 14:53:05.0,471.57824738007844,2023-08-27 14:53:05.0,980.0,4,2023-08-27 14:53:05.0,61.13333333333333
2023-08-27 14:53:11.0,0.25040525004606073,2023-08-27 14:53:11.0,64.6,2023-08-27 14:53:11.0,7,2023-08-27 14:53:11.0,96.50318757025153,2023-08-27 14:53:11.0,414960,2023-08-27 14:53:11.0,248156.0,2023-08-27 14:53:11.0,467.034531861051,2023-08-27 14:53:11.0,980.0,4,2023-08-27 14:53:11.0,64.6
2023-08-27 14:53:17.0,0.25021573035070993,2023-08-27 14:53:17.0,64.46666666666665,2023-08-27 14:53:17.0,7,2023-08-27 14:53:17.0,96.5083471624451,2023-08-27 14:53:17.0,416700,2023-08-27 14:53:17.0,248499.0,2023-08-27 14:53:18.0,473.0467841295437,2023-08-27 14:53:18.0,980.0,4,2023-08-27 14:53:18.0,64.46666666666665
2023-08-27 14:53:24.0,0.22557669679277903,2023-08-27 14:53:24.0,62.99999999999999,2023-08-27 14:53:24.0,7,2023-08-27 14:53:24.0,96.51405891267815,2023-08-27 14:53:24.0,417000,2023-08-27 14:53:24.0,248953.0,2023-08-27 14:53:24.0,474.37789081269386,2023-08-27 14:53:24.0,980.0,4,2023-08-27 14:53:24.0,62.99999999999999
2023-08-27 14:53:30.0,0.24631933987227805,2023-08-27 14:53:30.0,62.4,2023-08-27 14:53:30.0,7,2023-08-27 14:53:30.0,96.51803204175621,2023-08-27 14:53:30.0,417300,2023-08-27 14:53:30.0,249339.0,2023-08-27 14:53:30.0,471.3697107978412,2023-08-27 14:53:30.0,980.0,4,2023-08-27 14:53:30.0,62.4
2023-08-27 14:53:36.0,0.24292529130083373,2023-08-27 14:53:36.0,61.19999999999998,2023-08-27 14:53:36.0,7,2023-08-27 14:53:36.0,96.5218784946482,2023-08-27 14:53:36.0,417600,2023-08-27 14:53:36.0,249693.0,2023-08-27 14:53:36.0,469.2320382416068,2023-08-27 14:53:36.0,980.0,4,2023-08-27 14:53:36.0,61.19999999999998
2023-08-27 14:53:42.0,0.22649230123170613,2023-08-27 14:53:42.0,61.8,2023-08-27 14:53:42.0,7,2023-08-27 14:53:42.0,96.52544444500623,2023-08-27 14:53:42.0,418200,2023-08-27 14:53:42.0,250005.0,2023-08-27 14:53:42.0,467.77051591627065,2023-08-27 14:53:42.0,980.0,4,2023-08-27 14:53:42.0,61.8
2023-08-27 14:53:48.0,0.23604046793375813,2023-08-27 14:53:48.0,65.13333333333333,2023-08-27 14:53:48.0,7,2023-08-27 14:53:48.0,96.53120778369397,2023-08-27 14:53:48.0,418500,2023-08-27 14:53:48.0,250394.0,2023-08-27 14:53:48.0,469.34607333909315,2023-08-27 14:53:48.0,980.0,4,2023-08-27 14:53:48.0,65.13333333333333
2023-08-27 14:53:54.0,0.2514263507535298,2023-08-27 14:53:54.0,66.66666666666667,2023-08-27 14:53:54.0,7,2023-08-27 14:53:54.0,96.53721658941204,2023-08-27 14:53:54.0,418800,2023-08-27 14:53:54.0,250866.0,2023-08-27 14:53:54.0,477.4966518605997,2023-08-27 14:53:54.0,980.0,4,2023-08-27 14:53:54.0,66.66666666666667
2023-08-27 14:54:00.0,0.2517578514646691,2023-08-27 14:54:00.0,67.33333333333333,2023-08-27 14:54:00.0,7,2023-08-27 14:54:00.0,96.54161373260816,2023-08-27 14:54:00.0,419100,2023-08-27 14:54:00.0,251305.0,2023-08-27 14:54:00.0,477.8060941707836,2023-08-27 14:54:00.0,979.9999999999999,4,2023-08-27 14:54:00.0,67.33333333333333
2023-08-27 14:54:06.0,0.24342610277184995,2023-08-27 14:54:06.0,64.39999999999999,2023-08-27 14:54:06.0,7,2023-08-27 14:54:06.0,96.54547955505599,2023-08-27 14:54:06.0,419400,2023-08-27 14:54:06.0,251655.0,2023-08-27 14:54:06.0,474.9913163619727,2023-08-27 14:54:06.0,980.0,4,2023-08-27 14:54:06.0,64.39999999999999
2023-08-27 14:54:12.0,0.24220354213141487,2023-08-27 14:54:12.0,65.13333333333333,2023-08-27 14:54:12.0,7,2023-08-27 14:54:12.0,96.54934203173801,2023-08-27 14:54:12.0,420000,2023-08-27 14:54:12.0,251991.0,2023-08-27 14:54:12.0,470.7191912032829,2023-08-27 14:54:12.0,980.0,4,2023-08-27 14:54:12.0,65.13333333333333
2023-08-27 14:54:18.0,0.25713433877294,2023-08-27 14:54:18.0,65.0,2023-08-27 14:54:18.0,7,2023-08-27 14:54:18.0,96.55460332406224,2023-08-27 14:54:18.0,421740,2023-08-27 14:54:18.0,252363.0,2023-08-27 14:54:18.0,475.36901794802907,2023-08-27 14:54:18.0,980.0,4,2023-08-27 14:54:18.0,65.0
2023-08-27 14:54:24.0,0.22761492940965722,2023-08-27 14:54:24.0,67.8,2023-08-27 14:54:24.0,7,2023-08-27 14:54:24.0,96.56073260570459,2023-08-27 14:54:24.0,422040,2023-08-27 14:54:24.0,252851.0,2023-08-27 14:54:24.0,475.5591654273349,2023-08-27 14:54:24.0,980.0,4,2023-08-27 14:54:24.0,67.8
2023-08-27 14:54:30.0,0.2483714336936511,2023-08-27 14:54:30.0,66.03333333333333,2023-08-27 14:54:30.0,7,2023-08-27 14:54:30.0,96.56469910438035,2023-08-27 14:54:30.0,422340,2023-08-27 14:54:30.0,253293.0,2023-08-27 14:54:30.0,474.77752513221446,2023-08-27 14:54:30.0,980.0,4,2023-08-27 14:54:30.0,64.8
2023-08-27 14:54:36.0,0.257907706837326,2023-08-27 14:54:36.0,60.26666666666665,2023-08-27 14:54:36.0,7,2023-08-27 14:54:36.0,96.56808445525608,2023-08-27 14:54:36.0,422640,2023-08-27 14:54:36.0,253568.0,2023-08-27 14:54:36.0,471.6792643873465,2023-08-27 14:54:36.0,980.0,3,2023-08-27 14:54:36.0,60.26666666666665
2023-08-27 14:54:42.0,0.24872927803897527,2023-08-27 14:54:42.0,58.8,2023-08-27 14:54:42.0,7,2023-08-27 14:54:42.0,96.5715568624122,2023-08-27 14:54:42.0,423240,2023-08-27 14:54:42.0,253874.0,2023-08-27 14:54:42.0,478.2299139590542,2023-08-27 14:54:42.0,980.0,3,2023-08-27 14:54:42.0,58.8
2023-08-27 14:54:48.0,0.25674183447103993,2023-08-27 14:54:48.0,57.46666666666666,2023-08-27 14:54:48.0,7,2023-08-27 14:54:48.0,96.57632646199939,2023-08-27 14:54:48.0,423540,2023-08-27 14:54:48.0,254203.0,2023-08-27 14:54:48.0,479.2826122247239,2023-08-27 14:54:48.0,980.0,3,2023-08-27 14:54:48.0,57.46666666666666
2023-08-27 14:54:54.0,0.19853845844777748,2023-08-27 14:54:54.0,62.13333333333334,2023-08-27 14:54:54.0,7,2023-08-27 14:54:54.0,96.58288402125945,2023-08-27 14:54:54.0,423840,2023-08-27 14:54:54.0,254758.0,2023-08-27 14:54:54.0,477.0658644153063,2023-08-27 14:54:54.0,980.0,4,2023-08-27 14:54:54.0,62.133333333333326
2023-08-27 14:55:00.0,0.24752639110792224,2023-08-27 14:55:00.0,63.53333333333333,2023-08-27 14:55:00.0,7,2023-08-27 14:55:00.0,96.58598260375683,2023-08-27 14:55:00.0,424140,2023-08-27 14:55:00.0,255109.0,2023-08-27 14:55:00.0,470.01410671034915,2023-08-27 14:55:00.0,980.0,4,2023-08-27 14:55:00.0,63.53333333333333
2023-08-27 14:55:06.0,0.26003294412860867,2023-08-27 14:55:06.0,63.86666666666666,2023-08-27 14:55:06.0,6,2023-08-27 14:55:06.0,96.59007263239612,2023-08-27 14:55:06.0,424380,2023-08-27 14:55:06.0,255451.0,2023-08-27 14:55:06.0,467.3001038657302,2023-08-27 14:55:06.0,980.0,4,2023-08-27 14:55:06.0,63.86666666666666
2023-08-27 14:55:12.0,0.2537517014999191,2023-08-27 14:55:12.0,65.13333333333333,2023-08-27 14:55:12.0,6,2023-08-27 14:55:12.0,96.59382655638466,2023-08-27 14:55:12.0,424860,2023-08-27 14:55:12.0,220689.0,2023-08-27 14:55:12.0,466.37834095783785,2023-08-27 14:55:12.0,980.0,4,2023-08-27 14:55:12.0,65.13333333333333
2023-08-27 14:55:18.0,0.27077764970733786,2023-08-27 14:55:18.0,67.6,2023-08-27 14:55:18.0,6,2023-08-27 14:55:18.0,96.59921900601168,2023-08-27 14:55:18.0,426540,2023-08-27 14:55:18.0,221091.0,2023-08-27 14:55:18.0,467.9538269891219,2023-08-27 14:55:18.0,980.0,4,2023-08-27 14:55:18.0,67.6
2023-08-27 14:55:24.0,0.2615376292910021,2023-08-27 14:55:24.0,64.73333333333332,2023-08-27 14:55:24.0,6,2023-08-27 14:55:24.0,96.6050109546629,2023-08-27 14:55:24.0,426780,2023-08-27 14:55:24.0,221607.0,2023-08-27 14:55:24.0,472.0029156018835,2023-08-27 14:55:24.0,980.0,4,2023-08-27 14:55:24.0,64.73333333333332
2023-08-27 14:55:30.0,0.29004420143898235,2023-08-27 14:55:30.0,63.836584879313776,2023-08-27 14:55:30.0,6,2023-08-27 14:55:30.0,96.60880254022743,2023-08-27 14:55:30.0,427020,2023-08-27 14:55:30.0,221981.0,2023-08-27 14:55:30.0,478.5840104427599,2023-08-27 14:55:30.0,980.0,4,2023-08-27 14:55:30.0,63.836584879313776
2023-08-27 14:55:36.0,0.27417773545208296,2023-08-27 14:55:36.0,64.19999999999999,2023-08-27 14:55:36.0,6,2023-08-27 14:55:36.0,96.61254280135265,2023-08-27 14:55:36.0,427260,2023-08-27 14:55:36.0,222310.0,2023-08-27 14:55:36.0,481.699217103701,2023-08-27 14:55:36.0,980.0,4,2023-08-27 14:55:36.0,64.19999999999999
2023-08-27 14:55:42.0,0.2616388467464429,2023-08-27 14:55:42.0,64.53333333333333,2023-08-27 14:55:42.0,6,2023-08-27 14:55:42.0,96.61599697002643,2023-08-27 14:55:42.0,427740,2023-08-27 14:55:42.0,222629.0,2023-08-27 14:55:42.0,482.68992862148406,2023-08-27 14:55:42.0,980.0,4,2023-08-27 14:55:42.0,64.53333333333333
2023-08-27 14:55:48.0,0.28138844200536445,2023-08-27 14:55:48.0,65.23041240558786,2023-08-27 14:55:48.0,6,2023-08-27 14:55:48.0,96.62115726740707,2023-08-27 14:55:48.0,427980,2023-08-27 14:55:48.0,223006.0,2023-08-27 14:55:48.0,476.4357352483115,2023-08-27 14:55:48.0,979.9999999999999,4,2023-08-27 14:55:48.0,65.23041240558786
2023-08-27 14:55:54.0,0.2964261909923326,2023-08-27 14:55:54.0,66.06666666666666,2023-08-27 14:55:54.0,6,2023-08-27 14:55:54.0,96.6273727502831,2023-08-27 14:55:54.0,428220,2023-08-27 14:55:54.0,223559.0,2023-08-27 14:55:54.0,468.0793089579029,2023-08-27 14:55:54.0,979.9999999999999,4,2023-08-27 14:55:54.0,66.06666666666666
2023-08-27 14:56:00.0,0.2754256038416506,2023-08-27 14:56:00.0,66.53333333333333,2023-08-27 14:56:00.0,6,2023-08-27 14:56:00.0,96.63127676135569,2023-08-27 14:56:00.0,428460,2023-08-27 14:56:00.0,223950.0,2023-08-27 14:56:00.0,473.86867782465384,2023-08-27 14:56:00.0,979.9999999999999,4,2023-08-27 14:56:00.0,66.53333333333333
2023-08-27 14:56:06.0,0.26286001441780593,2023-08-27 14:56:06.0,63.8,2023-08-27 14:56:06.0,6,2023-08-27 14:56:06.0,96.63472727939856,2023-08-27 14:56:06.0,428700,2023-08-27 14:56:06.0,224265.0,2023-08-27 14:56:06.0,472.4955327888976,2023-08-27 14:56:06.0,980.0,4,2023-08-27 14:56:06.0,63.8
2023-08-27 14:56:12.0,0.2826974323299171,2023-08-27 14:56:12.0,64.93333333333334,2023-08-27 14:56:12.0,6,2023-08-27 14:56:12.0,96.63826093409573,2023-08-27 14:56:12.0,429180,2023-08-27 14:56:12.0,224589.0,2023-08-27 14:56:12.0,473.8316793264099,2023-08-27 14:56:12.0,980.0,4,2023-08-27 14:56:12.0,64.93333333333334
2023-08-27 14:56:18.0,0.25933284607934765,2023-08-27 14:56:18.0,68.93333333333334,2023-08-27 14:56:18.0,6,2023-08-27 14:56:18.0,96.64408139100466,2023-08-27 14:56:18.0,430860,2023-08-27 14:56:18.0,225086.0,2023-08-27 14:56:18.0,469.77552891209837,2023-08-27 14:56:18.0,979.9999999999999,4,2023-08-27 14:56:18.0,68.93333333333334
2023-08-27 14:56:24.0,0.27243795017665773,2023-08-27 14:56:24.0,71.86509354308315,2023-08-27 14:56:24.0,6,2023-08-27 14:56:24.0,96.65048590244947,2023-08-27 14:56:24.0,431100,2023-08-27 14:56:24.0,225610.0,2023-08-27 14:56:24.0,476.0876038603887,2023-08-27 14:56:24.0,980.0,4,2023-08-27 14:56:24.0,71.86509354308315
2023-08-27 14:56:30.0,0.2963129813591196,2023-08-27 14:56:30.0,70.46666666666665,2023-08-27 14:56:30.0,6,2023-08-27 14:56:30.0,96.65428032302107,2023-08-27 14:56:30.0,431340,2023-08-27 14:56:30.0,226002.0,2023-08-27 14:56:30.0,483.84481389847986,2023-08-27 14:56:30.0,980.0,4,2023-08-27 14:56:30.0,70.46666666666665
2023-08-27 14:56:36.0,0.29131012757427177,2023-08-27 14:56:36.0,66.66666666666667,2023-08-27 14:56:36.0,6,2023-08-27 14:56:36.0,96.65784057574432,2023-08-27 14:56:36.0,431580,2023-08-27 14:56:36.0,226321.0,2023-08-27 14:56:36.0,482.85401393942726,2023-08-27 14:56:36.0,979.9999999999999,4,2023-08-27 14:56:36.0,66.66666666666667
2023-08-27 14:56:42.0,0.2772246956046652,2023-08-27 14:56:42.0,65.4014401920256,2023-08-27 14:56:42.0,6,2023-08-27 14:56:42.0,96.66127131196731,2023-08-27 14:56:42.0,432060,2023-08-27 14:56:42.0,226638.0,2023-08-27 14:56:42.0,481.8229906665865,2023-08-27 14:56:42.0,980.0,4,2023-08-27 14:56:42.0,65.4014401920256
2023-08-27 14:56:48.0,0.3092282191564512,2023-08-27 14:56:48.0,63.46666666666666,2023-08-27 14:56:48.0,6,2023-08-27 14:56:48.0,96.66607809723044,2023-08-27 14:56:48.0,432300,2023-08-27 14:56:48.0,227054.0,2023-08-27 14:56:48.0,476.29538760926573,2023-08-27 14:56:48.0,980.0,4,2023-08-27 14:56:48.0,63.46666666666666
2023-08-27 14:56:54.0,0.2994231736289958,2023-08-27 14:56:54.0,61.0,2023-08-27 14:56:54.0,6,2023-08-27 14:56:54.0,96.67143650634678,2023-08-27 14:56:54.0,432540,2023-08-27 14:56:54.0,227500.0,2023-08-27 14:56:54.0,476.4812453440381,2023-08-27 14:56:54.0,980.0,4,2023-08-27 14:56:54.0,61.0
2023-08-27 14:57:00.0,0.29604657683095686,2023-08-27 14:57:00.0,59.79999999999999,2023-08-27 14:57:00.0,6,2023-08-27 14:57:00.0,96.6749302389704,2023-08-27 14:57:00.0,432780,2023-08-27 14:57:00.0,227854.0,2023-08-27 14:57:00.0,480.0456286278957,2023-08-27 14:57:00.0,980.0,3,2023-08-27 14:57:00.0,59.79999999999999
2023-08-27 14:57:06.0,0.2732107997018577,2023-08-27 14:57:06.0,60.73333333333333,2023-08-27 14:57:06.0,6,2023-08-27 14:57:06.0,96.67815048572785,2023-08-27 14:57:06.0,433020,2023-08-27 14:57:06.0,228154.0,2023-08-27 14:57:06.0,474.75479884741014,2023-08-27 14:57:06.0,980.0,4,2023-08-27 14:57:06.0,60.73333333333333
2023-08-27 14:57:12.0,0.2874440870882423,2023-08-27 14:57:12.0,60.666666666666664,2023-08-27 14:57:12.0,6,2023-08-27 14:57:12.0,96.68145247610546,2023-08-27 14:57:12.0,433500,2023-08-27 14:57:12.0,228464.0,2023-08-27 14:57:12.0,479.71588388886954,2023-08-27 14:57:12.0,980.0,4,2023-08-27 14:57:12.0,60.666666666666664
2023-08-27 14:57:18.0,0.2768486686008383,2023-08-27 14:57:18.0,62.13333333333333,2023-08-27 14:57:18.0,6,2023-08-27 14:57:18.0,96.68635596019897,2023-08-27 14:57:18.0,435180,2023-08-27 14:57:18.0,228893.0,2023-08-27 14:57:18.0,478.4415285075995,2023-08-27 14:57:18.0,980.0,4,2023-08-27 14:57:18.0,62.13333333333333
2023-08-27 14:57:24.0,0.2588122174133032,2023-08-27 14:57:24.0,68.26666666666667,2023-08-27 14:57:24.0,6,2023-08-27 14:57:24.0,96.69265317853319,2023-08-27 14:57:24.0,435420,2023-08-27 14:57:24.0,229428.0,2023-08-27 14:57:24.0,475.87237904586385,2023-08-27 14:57:24.0,979.9999999999999,4,2023-08-27 14:57:24.0,68.26666666666667
2023-08-27 14:57:30.0,0.2774286825719725,2023-08-27 14:57:30.0,70.72437691590031,2023-08-27 14:57:30.0,6,2023-08-27 14:57:30.0,96.69646308647997,2023-08-27 14:57:30.0,435660,2023-08-27 14:57:30.0,229828.0,2023-08-27 14:57:30.0,471.1265909864808,2023-08-27 14:57:30.0,980.0,4,2023-08-27 14:57:30.0,70.72437691590031
2023-08-27 14:57:36.0,0.27899940885464564,2023-08-27 14:57:36.0,66.66666666666666,2023-08-27 14:57:36.0,6,2023-08-27 14:57:36.0,96.6997391860043,2023-08-27 14:57:36.0,435900,2023-08-27 14:57:36.0,230141.0,2023-08-27 14:57:36.0,472.5846182254444,2023-08-27 14:57:36.0,979.9999999999999,4,2023-08-27 14:57:36.0,66.66666666666666
2023-08-27 14:57:42.0,0.2733588209407405,2023-08-27 14:57:42.0,63.599999999999994,2023-08-27 14:57:42.0,6,2023-08-27 14:57:42.0,96.703010063339,2023-08-27 14:57:42.0,436380,2023-08-27 14:57:42.0,230439.0,2023-08-27 14:57:42.0,474.3388767934941,2023-08-27 14:57:42.0,980.0,4,2023-08-27 14:57:42.0,63.599999999999994
2023-08-27 14:57:48.0,0.29409121116650044,2023-08-27 14:57:48.0,63.20824329731892,2023-08-27 14:57:48.0,6,2023-08-27 14:57:48.0,96.70812746800598,2023-08-27 14:57:48.0,436620,2023-08-27 14:57:48.0,230884.0,2023-08-27 14:57:48.0,477.2133348615539,2023-08-27 14:57:48.0,980.0,4,2023-08-27 14:57:48.0,63.20824329731892
2023-08-27 14:57:54.0,0.2981980754553554,2023-08-27 14:57:54.0,63.733333333333334,2023-08-27 14:57:54.0,6,2023-08-27 14:57:54.0,96.71344839489115,2023-08-27 14:57:54.0,436860,2023-08-27 14:57:54.0,231339.0,2023-08-27 14:57:54.0,477.71244321904055,2023-08-27 14:57:54.0,980.0,4,2023-08-27 14:57:54.0,63.73333333333333
2023-08-27 14:58:00.0,0.2857233336532711,2023-08-27 14:58:00.0,62.266666666666666,2023-08-27 14:58:00.0,6,2023-08-27 14:58:00.0,96.71698367381073,2023-08-27 14:58:00.0,437100,2023-08-27 14:58:00.0,231711.0,2023-08-27 14:58:00.0,472.80970338902245,2023-08-27 14:58:00.0,980.0,4,2023-08-27 14:58:00.0,62.266666666666666
2023-08-27 14:58:06.0,0.2641301980390017,2023-08-27 14:58:06.0,63.2,2023-08-27 14:58:06.0,6,2023-08-27 14:58:06.0,96.72034967988907,2023-08-27 14:58:06.0,437340,2023-08-27 14:58:06.0,232042.0,2023-08-27 14:58:06.0,471.5697308685085,2023-08-27 14:58:06.0,980.0,4,2023-08-27 14:58:06.0,63.2
2023-08-27 14:58:12.0,0.2656565648057662,2023-08-27 14:58:12.0,64.93333333333332,2023-08-27 14:58:12.0,6,2023-08-27 14:58:12.0,96.72364477432288,2023-08-27 14:58:12.0,437820,2023-08-27 14:58:12.0,232358.0,2023-08-27 14:58:12.0,471.4687897520591,2023-08-27 14:58:12.0,980.0,4,2023-08-27 14:58:12.0,64.93333333333332
2023-08-27 14:58:18.0,0.28514443727619004,2023-08-27 14:58:18.0,63.599999999999994,2023-08-27 14:58:18.0,6,2023-08-27 14:58:18.0,96.72849690674734,2023-08-27 14:58:18.0,439500,2023-08-27 14:58:18.0,232777.0,2023-08-27 14:58:18.0,469.5407591369241,2023-08-27 14:58:18.0,980.0,4,2023-08-27 14:58:18.0,63.599999999999994
2023-08-27 14:58:24.0,0.2736250865041848,2023-08-27 14:58:24.0,66.13333333333333,2023-08-27 14:58:24.0,6,2023-08-27 14:58:24.0,96.734315673835,2023-08-27 14:58:24.0,439740,2023-08-27 14:58:24.0,233291.0,2023-08-27 14:58:24.0,471.3964135282122,2023-08-27 14:58:24.0,980.0,4,2023-08-27 14:58:24.0,66.13333333333333
2023-08-27 14:58:30.0,0.2836028778483802,2023-08-27 14:58:30.0,66.19999999999999,2023-08-27 14:58:30.0,6,2023-08-27 14:58:30.0,96.7378804534155,2023-08-27 14:58:30.0,439980,2023-08-27 14:58:30.0,233676.0,2023-08-27 14:58:30.0,470.62837516267143,2023-08-27 14:58:30.0,979.9999999999999,4,2023-08-27 14:58:30.0,66.19999999999999
2023-08-27 14:58:36.0,0.27763416723462475,2023-08-27 14:58:36.0,65.6,2023-08-27 14:58:36.0,6,2023-08-27 14:58:36.0,96.74122568365097,2023-08-27 14:58:36.0,440220,2023-08-27 14:58:36.0,233995.0,2023-08-27 14:58:36.0,476.153156366076,2023-08-27 14:58:36.0,980.0,4,2023-08-27 14:58:36.0,65.6
2023-08-27 14:58:42.0,0.2878461618224628,2023-08-27 14:58:42.0,62.06666666666666,2023-08-27 14:58:42.0,6,2023-08-27 14:58:42.0,96.74399328758815,2023-08-27 14:58:42.0,440700,2023-08-27 14:58:42.0,234275.0,2023-08-27 14:58:42.0,477.70127127550785,2023-08-27 14:58:42.0,980.0,4,2023-08-27 14:58:42.0,62.06666666666666
2023-08-27 14:58:48.0,0.2777714118831366,2023-08-27 14:58:48.0,60.86666666666666,2023-08-27 14:58:48.0,6,2023-08-27 14:58:48.0,96.74888775876359,2023-08-27 14:58:48.0,440940,2023-08-27 14:58:48.0,234707.0,2023-08-27 14:58:48.0,478.0790421727213,2023-08-27 14:58:48.0,980.0,4,2023-08-27 14:58:48.0,60.86666666666666
2023-08-27 14:58:54.0,0.2479760741828127,2023-08-27 14:58:54.0,61.39999999999999,2023-08-27 14:58:54.0,6,2023-08-27 14:58:54.0,96.75398189019089,2023-08-27 14:58:54.0,441180,2023-08-27 14:58:54.0,235153.0,2023-08-27 14:58:54.0,477.63539975967274,2023-08-27 14:58:54.0,980.0,4,2023-08-27 14:58:54.0,61.39999999999999
2023-08-27 14:59:00.0,0.2674002746210208,2023-08-27 14:59:00.0,62.666666666666664,2023-08-27 14:59:00.0,6,2023-08-27 14:59:00.0,96.75750417753734,2023-08-27 14:59:00.0,441420,2023-08-27 14:59:00.0,235537.0,2023-08-27 14:59:00.0,481.11805902980814,2023-08-27 14:59:00.0,980.0,4,2023-08-27 14:59:00.0,62.666666666666664
2023-08-27 14:59:06.0,0.27979917962300493,2023-08-27 14:59:06.0,64.73333333333333,2023-08-27 14:59:06.0,6,2023-08-27 14:59:06.0,96.76100889959582,2023-08-27 14:59:06.0,441660,2023-08-27 14:59:06.0,235869.0,2023-08-27 14:59:06.0,480.08002810840736,2023-08-27 14:59:06.0,980.0,4,2023-08-27 14:59:06.0,64.73333333333333
2023-08-27 14:59:12.0,0.27150416335769056,2023-08-27 14:59:12.0,65.66666666666666,2023-08-27 14:59:12.0,6,2023-08-27 14:59:12.0,96.7643912154305,2023-08-27 14:59:12.0,442140,2023-08-27 14:59:12.0,236201.0,2023-08-27 14:59:12.0,483.68337239960374,2023-08-27 14:59:12.0,980.0000000000001,4,2023-08-27 14:59:12.0,65.66666666666666
2023-08-27 14:59:18.0,0.25244255784045677,2023-08-27 14:59:18.0,64.6,2023-08-27 14:59:18.0,6,2023-08-27 14:59:18.0,96.76949711215015,2023-08-27 14:59:18.0,443820,2023-08-27 14:59:18.0,236681.0,2023-08-27 14:59:18.0,483.476766504161,2023-08-27 14:59:18.0,980.0,4,2023-08-27 14:59:18.0,64.73333333333333
2023-08-27 14:59:24.0,0.2465790248518377,2023-08-27 14:59:24.0,63.266666666666666,2023-08-27 14:59:24.0,6,2023-08-27 14:59:24.0,96.77431859127161,2023-08-27 14:59:24.0,444060,2023-08-27 14:59:24.0,237105.0,2023-08-27 14:59:24.0,479.3746920974297,2023-08-27 14:59:24.0,980.0,4,2023-08-27 14:59:24.0,63.266666666666666
2023-08-27 14:59:30.0,0.2887306968577414,2023-08-27 14:59:30.0,62.99673442185937,2023-08-27 14:59:30.0,6,2023-08-27 14:59:30.0,96.77768281961863,2023-08-27 14:59:30.0,444300,2023-08-27 14:59:30.0,237474.0,2023-08-27 14:59:30.0,479.0355635847135,2023-08-27 14:59:30.0,980.0,4,2023-08-27 14:59:30.0,62.99673442185937
2023-08-27 14:59:36.0,0.26375678644349615,2023-08-27 14:59:36.0,63.599999999999994,2023-08-27 14:59:36.0,6,2023-08-27 14:59:36.0,96.78086568565996,2023-08-27 14:59:36.0,444540,2023-08-27 14:59:36.0,237786.0,2023-08-27 14:59:36.0,480.8697910302841,2023-08-27 14:59:36.0,980.0,4,2023-08-27 14:59:36.0,63.599999999999994
2023-08-27 14:59:42.0,0.28253162970813633,2023-08-27 14:59:42.0,62.4,2023-08-27 14:59:42.0,6,2023-08-27 14:59:42.0,96.7840733240069,2023-08-27 14:59:42.0,445020,2023-08-27 14:59:42.0,238098.0,2023-08-27 14:59:42.0,479.7126394752503,2023-08-27 14:59:42.0,980.0,4,2023-08-27 14:59:42.0,62.4
2023-08-27 14:59:48.0,0.2834797828137981,2023-08-27 14:59:48.0,63.003067689229745,2023-08-27 14:59:48.0,6,2023-08-27 14:59:48.0,96.79054837465601,2023-08-27 14:59:48.0,445260,2023-08-27 14:59:48.0,238636.0,2023-08-27 14:59:48.0,470.0532477677674,2023-08-27 14:59:48.0,980.0,4,2023-08-27 14:59:48.0,63.00306768922973
2023-08-27 14:59:54.0,0.245076793549302,2023-08-27 14:59:54.0,62.93333333333334,2023-08-27 14:59:54.0,6,2023-08-27 14:59:54.0,96.79378452093403,2023-08-27 14:59:54.0,445500,2023-08-27 14:59:54.0,238994.0,2023-08-27 14:59:54.0,472.2180049116261,2023-08-27 14:59:54.0,980.0,4,2023-08-27 14:59:54.0,62.93333333333334
2023-08-27 15:00:00.0,0.270960869457891,2023-08-27 15:00:00.0,60.666666666666664,2023-08-27 15:00:00.0,6,2023-08-27 15:00:00.0,96.79681199951723,2023-08-27 15:00:00.0,445740,2023-08-27 15:00:00.0,239331.0,2023-08-27 15:00:00.0,475.9749997541605,2023-08-27 15:00:00.0,980.0,4,2023-08-27 15:00:00.0,60.666666666666664
2023-08-27 15:00:06.0,0.2650776837312643,2023-08-27 15:00:06.0,58.46666666666667,2023-08-27 15:00:06.0,6,2023-08-27 15:00:06.0,96.79962053507893,2023-08-27 15:00:06.0,445980,2023-08-27 15:00:06.0,239606.0,2023-08-27 15:00:06.0,474.7973073620608,2023-08-27 15:00:06.0,980.0,3,2023-08-27 15:00:06.0,58.46666666666667
2023-08-27 15:00:12.0,0.27297016000207436,2023-08-27 15:00:12.0,60.13333333333333,2023-08-27 15:00:12.0,6,2023-08-27 15:00:12.0,96.8041021749151,2023-08-27 15:00:12.0,446460,2023-08-27 15:00:12.0,239988.0,2023-08-27 15:00:12.0,473.9699226192979,2023-08-27 15:00:12.0,979.9999999999999,3,2023-08-27 15:00:12.0,60.13333333333333
2023-08-27 15:00:18.0,0.27161770929319096,2023-08-27 15:00:18.0,62.133333333333326,2023-08-27 15:00:18.0,6,2023-08-27 15:00:18.0,96.80906013411031,2023-08-27 15:00:18.0,448140,2023-08-27 15:00:18.0,240459.0,2023-08-27 15:00:18.0,483.9353403828027,2023-08-27 15:00:18.0,980.0,4,2023-08-27 15:00:18.0,62.133333333333326
2023-08-27 15:00:24.0,0.24756065300949803,2023-08-27 15:00:24.0,63.33333333333334,2023-08-27 15:00:24.0,6,2023-08-27 15:00:24.0,96.8126541810167,2023-08-27 15:00:24.0,448380,2023-08-27 15:00:24.0,240832.0,2023-08-27 15:00:24.0,483.402573873739,2023-08-27 15:00:24.0,980.0,4,2023-08-27 15:00:24.0,63.33333333333334
2023-08-27 15:00:30.0,0.25617891950918514,2023-08-27 15:00:30.0,62.93333333333332,2023-08-27 15:00:30.0,6,2023-08-27 15:00:30.0,96.81573756455761,2023-08-27 15:00:30.0,448620,2023-08-27 15:00:30.0,241182.0,2023-08-27 15:00:30.0,481.7303181120585,2023-08-27 15:00:30.0,980.0,4,2023-08-27 15:00:30.0,62.93333333333332
2023-08-27 15:00:36.0,0.26699292680062914,2023-08-27 15:00:36.0,61.599999999999994,2023-08-27 15:00:36.0,6,2023-08-27 15:00:36.0,96.81877610493804,2023-08-27 15:00:36.0,448860,2023-08-27 15:00:36.0,241491.0,2023-08-27 15:00:36.0,472.36395717596054,2023-08-27 15:00:36.0,980.0,4,2023-08-27 15:00:36.0,61.599999999999994
2023-08-27 15:00:42.0,0.23949513420814478,2023-08-27 15:00:42.0,59.66666666666667,2023-08-27 15:00:42.0,6,2023-08-27 15:00:42.0,96.82293195728879,2023-08-27 15:00:42.0,449340,2023-08-27 15:00:42.0,241838.0,2023-08-27 15:00:42.0,471.54271986482087,2023-08-27 15:00:42.0,980.0,3,2023-08-27 15:00:42.0,59.66666666666667
2023-08-27 15:00:48.0,0.2789596520170492,2023-08-27 15:00:48.0,59.266666666666666,2023-08-27 15:00:48.0,6,2023-08-27 15:00:48.0,96.82736752275723,2023-08-27 15:00:48.0,449580,2023-08-27 15:00:48.0,242271.0,2023-08-27 15:00:48.0,478.74215136893343,2023-08-27 15:00:48.0,980.0,3,2023-08-27 15:00:48.0,59.266666666666666
2023-08-27 15:00:54.0,0.23877864092375192,2023-08-27 15:00:54.0,59.19999999999999,2023-08-27 15:00:54.0,6,2023-08-27 15:00:54.0,96.83080992904355,2023-08-27 15:00:54.0,449820,2023-08-27 15:00:54.0,242634.0,2023-08-27 15:00:54.0,481.4625434261792,2023-08-27 15:00:54.0,980.0,3,2023-08-27 15:00:54.0,59.19999999999999
2023-08-27 15:01:00.0,0.28081601958453667,2023-08-27 15:01:00.0,61.73333333333333,2023-08-27 15:01:00.0,6,2023-08-27 15:01:00.0,96.8339585303974,2023-08-27 15:01:00.0,450060,2023-08-27 15:01:00.0,243005.0,2023-08-27 15:01:00.0,481.3136487227178,2023-08-27 15:01:00.0,980.0,4,2023-08-27 15:01:00.0,61.73333333333333
2023-08-27 15:01:06.0,0.2695155544367913,2023-08-27 15:01:06.0,64.86666666666666,2023-08-27 15:01:06.0,6,2023-08-27 15:01:06.0,96.83732214762773,2023-08-27 15:01:06.0,450300,2023-08-27 15:01:06.0,243344.0,2023-08-27 15:01:06.0,482.87968964033576,2023-08-27 15:01:06.0,980.0,4,2023-08-27 15:01:06.0,64.86666666666666
2023-08-27 15:01:12.0,0.2490751641811405,2023-08-27 15:01:12.0,63.6,2023-08-27 15:01:12.0,6,2023-08-27 15:01:12.0,96.8414994006967,2023-08-27 15:01:12.0,450780,2023-08-27 15:01:12.0,243696.0,2023-08-27 15:01:12.0,480.1876982088167,2023-08-27 15:01:12.0,980.0,4,2023-08-27 15:01:12.0,63.6
2023-08-27 15:01:18.0,0.25510396891774145,2023-08-27 15:01:18.0,60.53333333333333,2023-08-27 15:01:18.0,6,2023-08-27 15:01:18.0,96.8461130426816,2023-08-27 15:01:18.0,452460,2023-08-27 15:01:18.0,244144.0,2023-08-27 15:01:18.0,478.59516810963936,2023-08-27 15:01:18.0,980.0,4,2023-08-27 15:01:18.0,60.53333333333333
2023-08-27 15:01:24.0,0.25740850852136726,2023-08-27 15:01:24.0,60.2,2023-08-27 15:01:24.0,6,2023-08-27 15:01:24.0,96.84942582782209,2023-08-27 15:01:24.0,452700,2023-08-27 15:01:24.0,244505.0,2023-08-27 15:01:24.0,472.9475776294402,2023-08-27 15:01:24.0,980.0,3,2023-08-27 15:01:24.0,60.2
2023-08-27 15:01:30.0,0.27942027485642734,2023-08-27 15:01:30.0,62.79999999999999,2023-08-27 15:01:30.0,6,2023-08-27 15:01:30.0,96.8525874095796,2023-08-27 15:01:30.0,452940,2023-08-27 15:01:30.0,244878.0,2023-08-27 15:01:30.0,464.5272234134051,2023-08-27 15:01:30.0,980.0,4,2023-08-27 15:01:30.0,62.79999999999999
2023-08-27 15:01:36.0,0.2600948256658225,2023-08-27 15:01:36.0,63.46666666666667,2023-08-27 15:01:36.0,6,2023-08-27 15:01:36.0,96.85566576702979,2023-08-27 15:01:36.0,453180,2023-08-27 15:01:36.0,245199.0,2023-08-27 15:01:36.0,470.9649227636052,2023-08-27 15:01:36.0,980.0,4,2023-08-27 15:01:36.0,63.46666666666667
2023-08-27 15:01:42.0,0.25994599571786736,2023-08-27 15:01:42.0,66.19999999999999,2023-08-27 15:01:42.0,6,2023-08-27 15:01:42.0,96.86022740764065,2023-08-27 15:01:42.0,453660,2023-08-27 15:01:42.0,245598.0,2023-08-27 15:01:42.0,476.38631566157,2023-08-27 15:01:42.0,980.0000000000001,4,2023-08-27 15:01:42.0,66.19999999999999
2023-08-27 15:01:48.0,0.27613328107235857,2023-08-27 15:01:48.0,67.13333333333333,2023-08-27 15:01:48.0,6,2023-08-27 15:01:48.0,96.86555874768072,2023-08-27 15:01:48.0,453900,2023-08-27 15:01:48.0,246118.0,2023-08-27 15:01:48.0,480.8490398187888,2023-08-27 15:01:48.0,980.0000000000001,4,2023-08-27 15:01:48.0,67.13333333333333
2023-08-27 15:01:54.0,0.27397843891810736,2023-08-27 15:01:54.0,66.26666666666667,2023-08-27 15:01:54.0,6,2023-08-27 15:01:54.0,96.86905546365632,2023-08-27 15:01:54.0,454140,2023-08-27 15:01:54.0,246494.0,2023-08-27 15:01:54.0,476.1517847251112,2023-08-27 15:01:54.0,979.9999999999999,4,2023-08-27 15:01:54.0,66.26666666666667
2023-08-27 15:02:00.0,0.28250230691219963,2023-08-27 15:02:00.0,64.0,2023-08-27 15:02:00.0,6,2023-08-27 15:02:00.0,96.87199210777317,2023-08-27 15:02:00.0,454380,2023-08-27 15:02:00.0,246847.0,2023-08-27 15:02:00.0,470.62269809261267,2023-08-27 15:02:00.0,980.0,4,2023-08-27 15:02:00.0,64.0
2023-08-27 15:02:06.0,0.2646891575613133,2023-08-27 15:02:06.0,63.0,2023-08-27 15:02:06.0,6,2023-08-27 15:02:06.0,96.87507207915877,2023-08-27 15:02:06.0,454500,2023-08-27 15:02:06.0,247170.0,2023-08-27 15:02:06.0,472.828211416858,2023-08-27 15:02:06.0,980.0,4,2023-08-27 15:02:06.0,63.0
2023-08-27 15:02:12.0,0.2716468879365482,2023-08-27 15:02:12.0,62.93333333333332,2023-08-27 15:02:12.0,6,2023-08-27 15:02:12.0,96.87927656336768,2023-08-27 15:02:12.0,455100,2023-08-27 15:02:12.0,247547.0,2023-08-27 15:02:12.0,475.14540589848565,2023-08-27 15:02:12.0,980.0,4,2023-08-27 15:02:12.0,62.93333333333332
2023-08-27 15:02:18.0,0.2652208951371213,2023-08-27 15:02:18.0,63.66666666666666,2023-08-27 15:02:18.0,6,2023-08-27 15:02:18.0,96.8840223732809,2023-08-27 15:02:18.0,456780,2023-08-27 15:02:18.0,248008.0,2023-08-27 15:02:18.0,472.1148115396377,2023-08-27 15:02:18.0,980.0,4,2023-08-27 15:02:18.0,63.66666666666666
2023-08-27 15:02:24.0,0.2762748234692524,2023-08-27 15:02:24.0,63.86666666666667,2023-08-27 15:02:24.0,6,2023-08-27 15:02:24.0,96.88751645091047,2023-08-27 15:02:24.0,457020,2023-08-27 15:02:24.0,248400.0,2023-08-27 15:02:24.0,472.1210636642354,2023-08-27 15:02:24.0,980.0,4,2023-08-27 15:02:24.0,63.86666666666667
2023-08-27 15:02:30.0,0.27935607357056597,2023-08-27 15:02:30.0,63.8,2023-08-27 15:02:30.0,6,2023-08-27 15:02:30.0,96.89073666110768,2023-08-27 15:02:30.0,457260,2023-08-27 15:02:30.0,248776.0,2023-08-27 15:02:30.0,473.66506684157974,2023-08-27 15:02:30.0,980.0,4,2023-08-27 15:02:30.0,63.8
2023-08-27 15:02:36.0,0.25616167868017037,2023-08-27 15:02:36.0,63.93333333333334,2023-08-27 15:02:36.0,6,2023-08-27 15:02:36.0,96.89353011412592,2023-08-27 15:02:36.0,457740,2023-08-27 15:02:36.0,249080.0,2023-08-27 15:02:36.0,472.4506622447534,2023-08-27 15:02:36.0,980.0,4,2023-08-27 15:02:36.0,63.93333333333334
2023-08-27 15:02:42.0,0.2695228855439381,2023-08-27 15:02:42.0,59.8,2023-08-27 15:02:42.0,6,2023-08-27 15:02:42.0,96.89735862260027,2023-08-27 15:02:42.0,457980,2023-08-27 15:02:42.0,249401.0,2023-08-27 15:02:42.0,475.5097325471145,2023-08-27 15:02:42.0,980.0,3,2023-08-27 15:02:42.0,59.8
2023-08-27 15:02:48.0,0.27818310943461255,2023-08-27 15:02:48.0,59.53333333333333,2023-08-27 15:02:48.0,6,2023-08-27 15:02:48.0,96.9020087656418,2023-08-27 15:02:48.0,458220,2023-08-27 15:02:48.0,249886.0,2023-08-27 15:02:48.0,473.7679574792503,2023-08-27 15:02:48.0,980.0,3,2023-08-27 15:02:48.0,59.53333333333333
2023-08-27 15:02:54.0,0.27649347596912077,2023-08-27 15:02:54.0,61.39999999999999,2023-08-27 15:02:54.0,6,2023-08-27 15:02:54.0,96.90514744186774,2023-08-27 15:02:54.0,458460,2023-08-27 15:02:54.0,250233.0,2023-08-27 15:02:54.0,476.9765500741424,2023-08-27 15:02:54.0,980.0,4,2023-08-27 15:02:54.0,61.39999999999999
2023-08-27 15:03:00.0,0.28460420371104744,2023-08-27 15:03:00.0,61.93333333333333,2023-08-27 15:03:00.0,6,2023-08-27 15:03:00.0,96.90815028830426,2023-08-27 15:03:00.0,458700,2023-08-27 15:03:00.0,250595.0,2023-08-27 15:03:00.0,482.42951100000334,2023-08-27 15:03:00.0,980.0,4,2023-08-27 15:03:00.0,61.93333333333333
2023-08-27 15:03:06.0,0.2664400055611219,2023-08-27 15:03:06.0,62.2,2023-08-27 15:03:06.0,6,2023-08-27 15:03:06.0,96.91118909176815,2023-08-27 15:03:06.0,459180,2023-08-27 15:03:06.0,250922.0,2023-08-27 15:03:07.0,475.16248070818034,2023-08-27 15:03:07.0,980.0,4,2023-08-27 15:03:07.0,62.2
2023-08-27 15:03:13.0,0.28451246292523386,2023-08-27 15:03:13.0,67.73333333333332,2023-08-27 15:03:13.0,6,2023-08-27 15:03:13.0,96.91583781708172,2023-08-27 15:03:13.0,459420,2023-08-27 15:03:13.0,251352.0,2023-08-27 15:03:13.0,474.7986834821288,2023-08-27 15:03:13.0,979.9999999999999,4,2023-08-27 15:03:13.0,67.73333333333332
2023-08-27 15:03:19.0,0.2568275990629154,2023-08-27 15:03:19.0,67.66666666666666,2023-08-27 15:03:19.0,6,2023-08-27 15:03:19.0,96.9205383423498,2023-08-27 15:03:19.0,461100,2023-08-27 15:03:19.0,251833.0,2023-08-27 15:03:19.0,476.06316914893074,2023-08-27 15:03:19.0,979.9999999999999,4,2023-08-27 15:03:19.0,67.66666666666666
2023-08-27 15:03:25.0,0.2702734718324623,2023-08-27 15:03:25.0,63.73333333333333,2023-08-27 15:03:25.0,6,2023-08-27 15:03:25.0,96.92367749576624,2023-08-27 15:03:25.0,461340,2023-08-27 15:03:25.0,252188.0,2023-08-27 15:03:25.0,484.0860864885257,2023-08-27 15:03:25.0,980.0,4,2023-08-27 15:03:25.0,63.73333333333333
2023-08-27 15:03:31.0,0.2572815266269955,2023-08-27 15:03:31.0,63.73333333333333,2023-08-27 15:03:31.0,6,2023-08-27 15:03:31.0,96.92684238868729,2023-08-27 15:03:31.0,461580,2023-08-27 15:03:31.0,252570.0,2023-08-27 15:03:31.0,480.5375494859705,2023-08-27 15:03:31.0,980.0,4,2023-08-27 15:03:31.0,63.73333333333333
2023-08-27 15:03:37.0,0.26623522969477764,2023-08-27 15:03:37.0,64.53333333333333,2023-08-27 15:03:37.0,6,2023-08-27 15:03:37.0,96.92990149561157,2023-08-27 15:03:37.0,462060,2023-08-27 15:03:37.0,252901.0,2023-08-27 15:03:37.0,481.72149371341,2023-08-27 15:03:37.0,980.0,4,2023-08-27 15:03:37.0,64.53333333333333
2023-08-27 15:03:43.0,0.2822676736231194,2023-08-27 15:03:43.0,67.93333333333332,2023-08-27 15:03:43.0,6,2023-08-27 15:03:43.0,96.93440046527063,2023-08-27 15:03:43.0,462300,2023-08-27 15:03:43.0,253312.0,2023-08-27 15:03:43.0,476.00821923801414,2023-08-27 15:03:43.0,980.0,4,2023-08-27 15:03:43.0,67.93333333333332
2023-08-27 15:03:49.0,0.2919519269098858,2023-08-27 15:03:49.0,68.99999999999999,2023-08-27 15:03:49.0,6,2023-08-27 15:03:49.0,96.93919211041964,2023-08-27 15:03:49.0,462540,2023-08-27 15:03:49.0,253820.0,2023-08-27 15:03:49.0,474.6783194395565,2023-08-27 15:03:49.0,980.0000000000001,4,2023-08-27 15:03:49.0,68.99999999999999
2023-08-27 15:03:55.0,0.258513442587374,2023-08-27 15:03:55.0,68.19999999999999,2023-08-27 15:03:55.0,6,2023-08-27 15:03:55.0,96.94274054419049,2023-08-27 15:03:55.0,462780,2023-08-27 15:03:55.0,254218.0,2023-08-27 15:03:55.0,480.0339934608108,2023-08-27 15:03:55.0,980.0,4,2023-08-27 15:03:55.0,68.19999999999999
2023-08-27 15:04:01.0,0.3094804528397296,2023-08-27 15:04:01.0,71.73333333333332,2023-08-27 15:04:01.0,6,2023-08-27 15:04:01.0,96.94621060598236,2023-08-27 15:04:01.0,463020,2023-08-27 15:04:01.0,254648.0,2023-08-27 15:04:01.0,480.7095844236275,2023-08-27 15:04:01.0,980.0,4,2023-08-27 15:04:01.0,71.73333333333332
2023-08-27 15:04:07.0,0.3045694356159304,2023-08-27 15:04:07.0,70.6,2023-08-27 15:04:07.0,6,2023-08-27 15:04:07.0,96.94937121947514,2023-08-27 15:04:07.0,463500,2023-08-27 15:04:07.0,254987.0,2023-08-27 15:04:07.0,481.0718576356106,2023-08-27 15:04:07.0,980.0000000000001,4,2023-08-27 15:04:07.0,70.6
2023-08-27 15:04:13.0,0.2937969476504628,2023-08-27 15:04:13.0,66.86666666666666,2023-08-27 15:04:13.0,6,2023-08-27 15:04:13.0,96.9534429562418,2023-08-27 15:04:13.0,463740,2023-08-27 15:04:13.0,255355.0,2023-08-27 15:04:13.0,472.11706424555945,2023-08-27 15:04:13.0,980.0000000000001,4,2023-08-27 15:04:13.0,66.86666666666666
2023-08-27 15:04:19.0,0.2975279314885786,2023-08-27 15:04:19.0,66.06666666666666,2023-08-27 15:04:19.0,6,2023-08-27 15:04:19.0,96.95863828826707,2023-08-27 15:04:19.0,465420,2023-08-27 15:04:19.0,255928.0,2023-08-27 15:04:19.0,481.2600600121431,2023-08-27 15:04:19.0,979.9999999999999,4,2023-08-27 15:04:19.0,66.06666666666666
2023-08-27 15:04:25.0,0.28744293320488246,2023-08-27 15:04:25.0,72.66666666666667,2023-08-27 15:04:25.0,6,2023-08-27 15:04:25.0,96.96238522756893,2023-08-27 15:04:25.0,465660,2023-08-27 15:04:25.0,256387.0,2023-08-27 15:04:25.0,478.0036884889338,2023-08-27 15:04:25.0,979.9999999999999,4,2023-08-27 15:04:25.0,72.66666666666667
2023-08-27 15:04:31.0,0.2986596223940222,2023-08-27 15:04:31.0,73.73333333333333,2023-08-27 15:04:31.0,6,2023-08-27 15:04:31.0,96.96563205174287,2023-08-27 15:04:31.0,465900,2023-08-27 15:04:31.0,256744.0,2023-08-27 15:04:31.0,476.860318997303,2023-08-27 15:04:31.0,980.0000000000001,4,2023-08-27 15:04:31.0,73.73333333333333
2023-08-27 15:04:37.0,0.2655165397850634,2023-08-27 15:04:37.0,74.66666666666666,2023-08-27 15:04:37.0,6,2023-08-27 15:04:37.0,96.96892717811136,2023-08-27 15:04:37.0,466380,2023-08-27 15:04:37.0,257115.0,2023-08-27 15:04:37.0,475.4804780189235,2023-08-27 15:04:37.0,979.9999999999999,4,2023-08-27 15:04:37.0,74.66666666666666
2023-08-27 15:04:43.0,0.29648758436593553,2023-08-27 15:04:43.0,73.59769379457441,2023-08-27 15:04:43.0,6,2023-08-27 15:04:43.0,96.97342225082524,2023-08-27 15:04:43.0,466620,2023-08-27 15:04:43.0,257548.0,2023-08-27 15:04:43.0,476.50293994360345,2023-08-27 15:04:43.0,980.0000000000001,4,2023-08-27 15:04:43.0,73.59769379457441
2023-08-27 15:04:49.0,0.30974380990478373,2023-08-27 15:04:49.0,76.73333333333333,2023-08-27 15:04:49.0,6,2023-08-27 15:04:49.0,96.97937586381902,2023-08-27 15:04:49.0,466860,2023-08-27 15:04:49.0,258205.0,2023-08-27 15:04:49.0,478.2235047859662,2023-08-27 15:04:49.0,980.0000000000001,4,2023-08-27 15:04:49.0,76.73333333333333
2023-08-27 15:04:55.0,0.2866051694740239,2023-08-27 15:04:55.0,74.73581382943256,2023-08-27 15:04:55.0,6,2023-08-27 15:04:55.0,96.9825989450953,2023-08-27 15:04:55.0,467100,2023-08-27 15:04:55.0,258599.0,2023-08-27 15:04:55.0,477.0211726644154,2023-08-27 15:04:55.0,980.0,4,2023-08-27 15:04:55.0,74.73581382943256
2023-08-27 15:05:01.0,0.31592571111804046,2023-08-27 15:05:01.0,74.19999999999999,2023-08-27 15:05:01.0,6,2023-08-27 15:05:01.0,96.98611142180265,2023-08-27 15:05:01.0,467340,2023-08-27 15:05:01.0,258993.0,2023-08-27 15:05:01.0,481.69661507290675,2023-08-27 15:05:01.0,979.9999999999999,4,2023-08-27 15:05:01.0,74.19999999999999
2023-08-27 15:05:07.0,0.310930823114076,2023-08-27 15:05:07.0,71.6,2023-08-27 15:05:07.0,6,2023-08-27 15:05:07.0,96.98923617712424,2023-08-27 15:05:07.0,467820,2023-08-27 15:05:07.0,259332.0,2023-08-27 15:05:07.0,476.076754263627,2023-08-27 15:05:07.0,980.0000000000001,4,2023-08-27 15:05:07.0,71.6
2023-08-27 15:05:13.0,0.34662156187458104,2023-08-27 15:05:13.0,71.60000000000001,2023-08-27 15:05:13.0,6,2023-08-27 15:05:13.0,96.99325721364343,2023-08-27 15:05:13.0,468060,2023-08-27 15:05:13.0,259730.0,2023-08-27 15:05:13.0,478.8567231272803,2023-08-27 15:05:13.0,979.9999999999999,4,2023-08-27 15:05:13.0,71.60000000000001
2023-08-27 15:05:19.0,0.30356567999017414,2023-08-27 15:05:19.0,69.8,2023-08-27 15:05:19.0,6,2023-08-27 15:05:19.0,96.9984866494484,2023-08-27 15:05:19.0,469740,2023-08-27 15:05:19.0,260305.0,2023-08-27 15:05:19.0,476.90897999803923,2023-08-27 15:05:19.0,979.9999999999999,4,2023-08-27 15:05:19.0,69.8
2023-08-27 15:05:25.0,0.31113655811731344,2023-08-27 15:05:25.0,67.26666666666667,2023-08-27 15:05:25.0,6,2023-08-27 15:05:25.0,97.00139086409011,2023-08-27 15:05:25.0,469980,2023-08-27 15:05:25.0,260680.0,2023-08-27 15:05:25.0,477.8301124585563,2023-08-27 15:05:25.0,980.0,4,2023-08-27 15:05:25.0,67.26666666666667
2023-08-27 15:05:31.0,0.3131282792835365,2023-08-27 15:05:31.0,66.26666666666667,2023-08-27 15:05:31.0,6,2023-08-27 15:05:31.0,97.00431433840303,2023-08-27 15:05:31.0,470220,2023-08-27 15:05:31.0,261012.0,2023-08-27 15:05:31.0,482.0140262217701,2023-08-27 15:05:31.0,980.0000000000001,4,2023-08-27 15:05:31.0,66.26666666666667
2023-08-27 15:05:37.0,0.27240143120823435,2023-08-27 15:05:37.0,67.93333333333334,2023-08-27 15:05:37.0,6,2023-08-27 15:05:37.0,97.00752700027276,2023-08-27 15:05:37.0,470700,2023-08-27 15:05:37.0,261383.0,2023-08-27 15:05:37.0,478.9519570973225,2023-08-27 15:05:37.0,979.9999999999999,4,2023-08-27 15:05:37.0,67.93333333333334
2023-08-27 15:05:43.0,0.2973967876194226,2023-08-27 15:05:43.0,74.13333333333333,2023-08-27 15:05:43.0,6,2023-08-27 15:05:43.0,97.01217670099746,2023-08-27 15:05:43.0,470940,2023-08-27 15:05:43.0,261839.0,2023-08-27 15:05:43.0,482.0413845153736,2023-08-27 15:05:43.0,980.0,4,2023-08-27 15:05:43.0,74.13333333333333
2023-08-27 15:05:49.0,0.2921736194059781,2023-08-27 15:05:49.0,72.93333333333332,2023-08-27 15:05:49.0,6,2023-08-27 15:05:49.0,97.017239645563,2023-08-27 15:05:49.0,471180,2023-08-27 15:05:49.0,262406.0,2023-08-27 15:05:49.0,478.22221920420037,2023-08-27 15:05:49.0,980.0000000000001,4,2023-08-27 15:05:49.0,72.93333333333332
2023-08-27 15:05:55.0,0.299249144670563,2023-08-27 15:05:55.0,68.99999999999999,2023-08-27 15:05:55.0,6,2023-08-27 15:05:55.0,97.02032908639146,2023-08-27 15:05:55.0,471420,2023-08-27 15:05:55.0,262804.0,2023-08-27 15:05:55.0,479.23027831058374,2023-08-27 15:05:55.0,980.0,4,2023-08-27 15:05:55.0,69.0
2023-08-27 15:06:01.0,0.30909510717787625,2023-08-27 15:06:01.0,67.0,2023-08-27 15:06:01.0,6,2023-08-27 15:06:01.0,97.0232604336091,2023-08-27 15:06:01.0,471660,2023-08-27 15:06:01.0,263134.0,2023-08-27 15:06:01.0,474.2443927139025,2023-08-27 15:06:01.0,980.0000000000001,4,2023-08-27 15:06:01.0,67.0
2023-08-27 15:06:07.0,0.295134546695737,2023-08-27 15:06:07.0,67.46666666666665,2023-08-27 15:06:07.0,6,2023-08-27 15:06:07.0,97.02608027692172,2023-08-27 15:06:07.0,472140,2023-08-27 15:06:07.0,263473.0,2023-08-27 15:06:07.0,474.0619907964259,2023-08-27 15:06:07.0,980.0,4,2023-08-27 15:06:07.0,67.46666666666665
2023-08-27 15:06:13.0,0.32085910592669664,2023-08-27 15:06:13.0,69.26666666666665,2023-08-27 15:06:13.0,6,2023-08-27 15:06:13.0,97.0304906402117,2023-08-27 15:06:13.0,472380,2023-08-27 15:06:13.0,263953.0,2023-08-27 15:06:13.0,476.17893882049674,2023-08-27 15:06:13.0,979.9999999999999,4,2023-08-27 15:06:13.0,69.26666666666665
2023-08-27 15:06:19.0,0.3199439088245337,2023-08-27 15:06:19.0,72.2,2023-08-27 15:06:19.0,6,2023-08-27 15:06:19.0,97.03564828703189,2023-08-27 15:06:19.0,474060,2023-08-27 15:06:19.0,264491.0,2023-08-27 15:06:19.0,475.6853014410609,2023-08-27 15:06:19.0,979.9999999999999,4,2023-08-27 15:06:19.0,72.2
2023-08-27 15:06:25.0,0.2870135780896712,2023-08-27 15:06:25.0,69.4,2023-08-27 15:06:25.0,6,2023-08-27 15:06:25.0,97.03862929967649,2023-08-27 15:06:25.0,474300,2023-08-27 15:06:25.0,264879.0,2023-08-27 15:06:25.0,472.68823614791916,2023-08-27 15:06:25.0,980.0,4,2023-08-27 15:06:25.0,69.4
2023-08-27 15:06:31.0,0.30375412732676904,2023-08-27 15:06:31.0,66.33333333333333,2023-08-27 15:06:31.0,6,2023-08-27 15:06:31.0,97.04124579872057,2023-08-27 15:06:31.0,474540,2023-08-27 15:06:31.0,265189.0,2023-08-27 15:06:31.0,467.18575385518346,2023-08-27 15:06:31.0,980.0,4,2023-08-27 15:06:31.0,66.33333333333333
2023-08-27 15:06:37.0,0.30718440890827925,2023-08-27 15:06:37.0,67.99999999999999,2023-08-27 15:06:37.0,6,2023-08-27 15:06:37.0,97.04442437273308,2023-08-27 15:06:37.0,475020,2023-08-27 15:06:37.0,265566.0,2023-08-27 15:06:37.0,469.51227254691975,2023-08-27 15:06:37.0,980.0,4,2023-08-27 15:06:37.0,67.99999999999999
2023-08-27 15:06:43.0,0.29759776420992845,2023-08-27 15:06:43.0,68.13333333333334,2023-08-27 15:06:43.0,6,2023-08-27 15:06:43.0,97.04851936216683,2023-08-27 15:06:43.0,475260,2023-08-27 15:06:43.0,266016.0,2023-08-27 15:06:43.0,477.17093329862786,2023-08-27 15:06:43.0,979.9999999999999,4,2023-08-27 15:06:43.0,68.13333333333334
2023-08-27 15:06:49.0,0.30643608111770065,2023-08-27 15:06:49.0,69.19999999999999,2023-08-27 15:06:49.0,6,2023-08-27 15:06:49.0,97.05332701522617,2023-08-27 15:06:49.0,475500,2023-08-27 15:06:49.0,266534.0,2023-08-27 15:06:49.0,482.23171467055346,2023-08-27 15:06:49.0,980.0,4,2023-08-27 15:06:49.0,69.19999999999999
2023-08-27 15:06:55.0,0.25715842900639085,2023-08-27 15:06:55.0,70.53333333333332,2023-08-27 15:06:55.0,6,2023-08-27 15:06:55.0,97.05674764335403,2023-08-27 15:06:55.0,475740,2023-08-27 15:06:55.0,266964.0,2023-08-27 15:06:55.0,484.85002944608044,2023-08-27 15:06:55.0,980.0,4,2023-08-27 15:06:55.0,70.53333333333332
2023-08-27 15:07:01.0,0.3176753628887461,2023-08-27 15:07:01.0,73.26666666666665,2023-08-27 15:07:01.0,6,2023-08-27 15:07:01.0,97.05983286399064,2023-08-27 15:07:01.0,475980,2023-08-27 15:07:01.0,267334.0,2023-08-27 15:07:01.0,481.12140252350645,2023-08-27 15:07:01.0,980.0000000000001,4,2023-08-27 15:07:01.0,73.26666666666665
2023-08-27 15:07:07.0,0.2936996742000253,2023-08-27 15:07:07.0,72.33333333333333,2023-08-27 15:07:07.0,6,2023-08-27 15:07:07.0,97.06292030064267,2023-08-27 15:07:07.0,476460,2023-08-27 15:07:07.0,267692.0,2023-08-27 15:07:07.0,478.79698719124025,2023-08-27 15:07:07.0,980.0,4,2023-08-27 15:07:07.0,72.33333333333333
2023-08-27 15:07:13.0,0.28518595804604874,2023-08-27 15:07:13.0,73.73333333333333,2023-08-27 15:07:13.0,6,2023-08-27 15:07:13.0,97.0673585213398,2023-08-27 15:07:13.0,476700,2023-08-27 15:07:13.0,268192.0,2023-08-27 15:07:13.0,480.85017178427506,2023-08-27 15:07:13.0,979.9999999999999,4,2023-08-27 15:07:13.0,73.73333333333333
2023-08-27 15:07:19.0,0.32834178636324773,2023-08-27 15:07:19.0,73.73333333333332,2023-08-27 15:07:19.0,6,2023-08-27 15:07:19.0,97.07242306354196,2023-08-27 15:07:19.0,478380,2023-08-27 15:07:19.0,268736.0,2023-08-27 15:07:19.0,474.9481944865556,2023-08-27 15:07:19.0,980.0000000000001,4,2023-08-27 15:07:19.0,73.73333333333332
2023-08-27 15:07:25.0,0.32108633743878756,2023-08-27 15:07:25.0,74.46666666666667,2023-08-27 15:07:25.0,6,2023-08-27 15:07:25.0,97.07569660034898,2023-08-27 15:07:25.0,478620,2023-08-27 15:07:25.0,269187.0,2023-08-27 15:07:25.0,473.08347518095553,2023-08-27 15:07:25.0,980.0000000000001,4,2023-08-27 15:07:25.0,74.46666666666667
2023-08-27 15:07:31.0,0.32527281101664896,2023-08-27 15:07:31.0,76.80000000000001,2023-08-27 15:07:31.0,6,2023-08-27 15:07:31.0,97.07913428567466,2023-08-27 15:07:31.0,478860,2023-08-27 15:07:31.0,269596.0,2023-08-27 15:07:31.0,478.6442369227113,2023-08-27 15:07:31.0,980.0000000000001,4,2023-08-27 15:07:31.0,76.80000000000001
2023-08-27 15:07:37.0,0.31203869178650145,2023-08-27 15:07:37.0,81.06666666666666,2023-08-27 15:07:37.0,6,2023-08-27 15:07:37.0,97.08258955891236,2023-08-27 15:07:37.0,479340,2023-08-27 15:07:37.0,270004.0,2023-08-27 15:07:37.0,478.88432270907384,2023-08-27 15:07:37.0,980.0,5,2023-08-27 15:07:37.0,81.06666666666666
2023-08-27 15:07:43.0,0.304524311823868,2023-08-27 15:07:43.0,82.53333333333332,2023-08-27 15:07:43.0,6,2023-08-27 15:07:43.0,97.08744222957573,2023-08-27 15:07:43.0,479580,2023-08-27 15:07:43.0,270553.0,2023-08-27 15:07:43.0,481.4598236007967,2023-08-27 15:07:43.0,980.0000000000001,5,2023-08-27 15:07:43.0,82.53333333333332
2023-08-27 15:07:49.0,0.321456213651122,2023-08-27 15:07:49.0,80.73333333333333,2023-08-27 15:07:49.0,6,2023-08-27 15:07:49.0,97.09278160567355,2023-08-27 15:07:49.0,479820,2023-08-27 15:07:49.0,271157.0,2023-08-27 15:07:49.0,482.90829013099125,2023-08-27 15:07:49.0,980.0,5,2023-08-27 15:07:49.0,80.73333333333333
2023-08-27 15:07:55.0,0.33183848850370995,2023-08-27 15:07:55.0,79.8,2023-08-27 15:07:55.0,6,2023-08-27 15:07:55.0,97.0963458957016,2023-08-27 15:07:55.0,480060,2023-08-27 15:07:55.0,271621.0,2023-08-27 15:07:55.0,478.6089911081237,2023-08-27 15:07:55.0,980.0,4,2023-08-27 15:07:55.0,79.8
2023-08-27 15:08:01.0,0.3487829977565114,2023-08-27 15:08:01.0,83.73333333333333,2023-08-27 15:08:01.0,6,2023-08-27 15:08:01.0,97.09992863600739,2023-08-27 15:08:01.0,480300,2023-08-27 15:08:01.0,272054.0,2023-08-27 15:08:01.0,473.36539179647946,2023-08-27 15:08:01.0,980.0,5,2023-08-27 15:08:01.0,83.73333333333333
2023-08-27 15:08:07.0,0.36381291230565416,2023-08-27 15:08:07.0,85.06666666666666,2023-08-27 15:08:07.0,6,2023-08-27 15:08:07.0,97.10343569761706,2023-08-27 15:08:07.0,480780,2023-08-27 15:08:07.0,272480.0,2023-08-27 15:08:07.0,475.60461523159626,2023-08-27 15:08:07.0,979.9999999999999,5,2023-08-27 15:08:07.0,85.06666666666666
2023-08-27 15:08:13.0,0.3515850709576748,2023-08-27 15:08:13.0,86.06666666666666,2023-08-27 15:08:13.0,6,2023-08-27 15:08:13.0,97.10846084485001,2023-08-27 15:08:13.0,481020,2023-08-27 15:08:13.0,273058.0,2023-08-27 15:08:13.0,475.42113134671234,2023-08-27 15:08:13.0,979.9999999999999,5,2023-08-27 15:08:13.0,86.06666666666666
2023-08-27 15:08:19.0,0.3715860452489134,2023-08-27 15:08:19.0,82.66666666666666,2023-08-27 15:08:19.0,6,2023-08-27 15:08:19.0,97.11364219534072,2023-08-27 15:08:19.0,482700,2023-08-27 15:08:19.0,273634.0,2023-08-27 15:08:19.0,472.0165764996038,2023-08-27 15:08:19.0,980.0000000000001,5,2023-08-27 15:08:19.0,82.66666666666666
2023-08-27 15:08:25.0,0.3551431450779517,2023-08-27 15:08:25.0,77.06666666666666,2023-08-27 15:08:25.0,6,2023-08-27 15:08:25.0,97.11692240866799,2023-08-27 15:08:25.0,482940,2023-08-27 15:08:25.0,274078.0,2023-08-27 15:08:25.0,470.85683629879526,2023-08-27 15:08:25.0,980.0,4,2023-08-27 15:08:25.0,77.06666666666666
2023-08-27 15:08:31.0,0.3607667507843533,2023-08-27 15:08:31.0,76.0,2023-08-27 15:08:31.0,6,2023-08-27 15:08:31.0,97.12010768511293,2023-08-27 15:08:31.0,483180,2023-08-27 15:08:31.0,274467.0,2023-08-27 15:08:31.0,474.30158453226295,2023-08-27 15:08:31.0,979.9999999999999,4,2023-08-27 15:08:31.0,76.0
2023-08-27 15:08:37.0,0.3682144974359586,2023-08-27 15:08:37.0,79.06666666666666,2023-08-27 15:08:37.0,6,2023-08-27 15:08:37.0,97.12343462064013,2023-08-27 15:08:37.0,483660,2023-08-27 15:08:37.0,274876.0,2023-08-27 15:08:37.0,480.59707292993426,2023-08-27 15:08:37.0,980.0,4,2023-08-27 15:08:37.0,79.06666666666666
2023-08-27 15:08:43.0,0.34067408102139024,2023-08-27 15:08:43.0,82.53333333333333,2023-08-27 15:08:43.0,6,2023-08-27 15:08:43.0,97.12820128833263,2023-08-27 15:08:43.0,483900,2023-08-27 15:08:43.0,275442.0,2023-08-27 15:08:43.0,482.53316592412045,2023-08-27 15:08:43.0,980.0,5,2023-08-27 15:08:43.0,83.39999999999999
2023-08-27 15:08:49.0,0.3650577670224261,2023-08-27 15:08:49.0,85.79999999999998,2023-08-27 15:08:49.0,6,2023-08-27 15:08:49.0,97.1339333320657,2023-08-27 15:08:49.0,484140,2023-08-27 15:08:49.0,276101.0,2023-08-27 15:08:49.0,479.6571187500177,2023-08-27 15:08:49.0,980.0000000000001,5,2023-08-27 15:08:49.0,85.79999999999998
2023-08-27 15:08:55.0,0.3478232383283005,2023-08-27 15:08:55.0,85.53333333333333,2023-08-27 15:08:55.0,6,2023-08-27 15:08:55.0,97.13755146137542,2023-08-27 15:08:55.0,484380,2023-08-27 15:08:55.0,276582.0,2023-08-27 15:08:55.0,478.55422732767636,2023-08-27 15:08:55.0,980.0,5,2023-08-27 15:08:55.0,85.53333333333333
2023-08-27 15:09:01.0,0.3407905871617943,2023-08-27 15:09:01.0,85.06666666666666,2023-08-27 15:09:01.0,6,2023-08-27 15:09:01.0,97.14087096376558,2023-08-27 15:09:01.0,484620,2023-08-27 15:09:01.0,277006.0,2023-08-27 15:09:01.0,477.1913483571587,2023-08-27 15:09:01.0,980.0,5,2023-08-27 15:09:01.0,85.06666666666666
2023-08-27 15:09:07.0,0.339347962989286,2023-08-27 15:09:07.0,86.26666666666667,2023-08-27 15:09:07.0,6,2023-08-27 15:09:07.0,97.14452479010902,2023-08-27 15:09:07.0,485100,2023-08-27 15:09:07.0,277466.0,2023-08-27 15:09:07.0,477.86011022005,2023-08-27 15:09:07.0,979.9999999999999,5,2023-08-27 15:09:07.0,86.26666666666667
2023-08-27 15:09:13.0,0.36282405634671455,2023-08-27 15:09:13.0,90.33333333333333,2023-08-27 15:09:13.0,6,2023-08-27 15:09:13.0,97.15133129892271,2023-08-27 15:09:13.0,485340,2023-08-27 15:09:13.0,278210.0,2023-08-27 15:09:13.0,480.5632742564861,2023-08-27 15:09:13.0,980.0000000000001,5,2023-08-27 15:09:13.0,90.33333333333333
2023-08-27 15:09:19.0,0.3721509087253689,2023-08-27 15:09:19.0,87.6,2023-08-27 15:09:19.0,6,2023-08-27 15:09:19.0,97.15504951176109,2023-08-27 15:09:19.0,487020,2023-08-27 15:09:19.0,278694.0,2023-08-27 15:09:19.0,481.38971700379574,2023-08-27 15:09:19.0,980.0,5,2023-08-27 15:09:19.0,87.6
2023-08-27 15:09:25.0,0.36806060251027367,2023-08-27 15:09:25.0,82.19999999999999,2023-08-27 15:09:25.0,6,2023-08-27 15:09:25.0,97.15850884946536,2023-08-27 15:09:25.0,487260,2023-08-27 15:09:25.0,279176.0,2023-08-27 15:09:25.0,479.381300487504,2023-08-27 15:09:25.0,980.0,5,2023-08-27 15:09:25.0,82.19999999999999
2023-08-27 15:09:31.0,0.39037372747530746,2023-08-27 15:09:31.0,84.26666666666667,2023-08-27 15:09:31.0,6,2023-08-27 15:09:31.0,97.16213424206333,2023-08-27 15:09:31.0,487500,2023-08-27 15:09:31.0,279623.0,2023-08-27 15:09:31.0,483.6791927836761,2023-08-27 15:09:31.0,980.0000000000001,5,2023-08-27 15:09:31.0,84.26666666666667
2023-08-27 15:09:37.0,0.36071458525984484,2023-08-27 15:09:37.0,84.66666666666664,2023-08-27 15:09:37.0,6,2023-08-27 15:09:37.0,97.16667253090121,2023-08-27 15:09:37.0,487980,2023-08-27 15:09:37.0,280119.0,2023-08-27 15:09:37.0,482.06373679675164,2023-08-27 15:09:37.0,980.0,5,2023-08-27 15:09:37.0,84.66666666666664
2023-08-27 15:09:43.0,0.3722967135365733,2023-08-27 15:09:43.0,85.39999999999999,2023-08-27 15:09:43.0,6,2023-08-27 15:09:43.0,97.1718424042929,2023-08-27 15:09:43.0,488220,2023-08-27 15:09:43.0,280758.0,2023-08-27 15:09:43.0,482.20375652580765,2023-08-27 15:09:43.0,979.9999999999999,5,2023-08-27 15:09:43.0,85.39999999999999
2023-08-27 15:09:49.0,0.36103961629714065,2023-08-27 15:09:49.0,83.53333333333333,2023-08-27 15:09:49.0,6,2023-08-27 15:09:49.0,97.1754018833751,2023-08-27 15:09:49.0,488460,2023-08-27 15:09:49.0,281231.0,2023-08-27 15:09:49.0,480.70788771184107,2023-08-27 15:09:49.0,980.0,5,2023-08-27 15:09:49.0,83.53333333333333
2023-08-27 15:09:55.0,0.332490659479812,2023-08-27 15:09:55.0,83.99999999999999,2023-08-27 15:09:55.0,6,2023-08-27 15:09:55.0,97.1789461805015,2023-08-27 15:09:55.0,488700,2023-08-27 15:09:55.0,281729.0,2023-08-27 15:09:55.0,479.61421136659317,2023-08-27 15:09:55.0,979.9999999999999,5,2023-08-27 15:09:55.0,83.99999999999999
2023-08-27 15:10:01.0,0.36965344253679844,2023-08-27 15:10:01.0,85.73333333333332,2023-08-27 15:10:01.0,6,2023-08-27 15:10:01.0,97.18248043193935,2023-08-27 15:10:01.0,488940,2023-08-27 15:10:01.0,282183.0,2023-08-27 15:10:01.0,479.8414301188654,2023-08-27 15:10:01.0,979.9999999999999,5,2023-08-27 15:10:01.0,85.73333333333332
2023-08-27 15:10:07.0,0.379068610153819,2023-08-27 15:10:07.0,87.60000000000001,2023-08-27 15:10:07.0,6,2023-08-27 15:10:07.0,97.18697871925322,2023-08-27 15:10:07.0,489420,2023-08-27 15:10:07.0,282680.0,2023-08-27 15:10:07.0,479.0340902804535,2023-08-27 15:10:07.0,980.0000000000001,5,2023-08-27 15:10:07.0,87.6
2023-08-27 15:10:13.0,0.36352827481055433,2023-08-27 15:10:13.0,85.13333333333333,2023-08-27 15:10:13.0,6,2023-08-27 15:10:13.0,97.1918936695192,2023-08-27 15:10:13.0,489660,2023-08-27 15:10:13.0,283292.0,2023-08-27 15:10:13.0,476.09378185357843,2023-08-27 15:10:13.0,980.0,5,2023-08-27 15:10:13.0,85.13333333333333
2023-08-27 15:10:19.0,0.3863872965709091,2023-08-27 15:10:19.0,82.86666666666666,2023-08-27 15:10:19.0,6,2023-08-27 15:10:19.0,97.195607808538,2023-08-27 15:10:19.0,491340,2023-08-27 15:10:19.0,283785.0,2023-08-27 15:10:19.0,477.6320994098361,2023-08-27 15:10:19.0,980.0,5,2023-08-27 15:10:19.0,82.86666666666666
2023-08-27 15:10:25.0,0.38645521827450485,2023-08-27 15:10:25.0,79.8,2023-08-27 15:10:25.0,6,2023-08-27 15:10:25.0,97.19862351698062,2023-08-27 15:10:25.0,491580,2023-08-27 15:10:25.0,284222.0,2023-08-27 15:10:25.0,473.31398530079053,2023-08-27 15:10:25.0,980.0,4,2023-08-27 15:10:25.0,79.8
2023-08-27 15:10:31.0,0.3688378691422609,2023-08-27 15:10:31.0,79.86666666666667,2023-08-27 15:10:31.0,6,2023-08-27 15:10:31.0,97.20179679203507,2023-08-27 15:10:31.0,491820,2023-08-27 15:10:31.0,284642.0,2023-08-27 15:10:31.0,477.8581496454344,2023-08-27 15:10:31.0,980.0,4,2023-08-27 15:10:31.0,79.86666666666667
2023-08-27 15:10:37.0,0.38026156323067095,2023-08-27 15:10:37.0,80.53333333333333,2023-08-27 15:10:37.0,6,2023-08-27 15:10:37.0,97.20597753673039,2023-08-27 15:10:37.0,492300,2023-08-27 15:10:37.0,285099.0,2023-08-27 15:10:37.0,475.9260647589293,2023-08-27 15:10:37.0,980.0,5,2023-08-27 15:10:37.0,80.53333333333333
2023-08-27 15:10:43.0,0.369280151053981,2023-08-27 15:10:43.0,80.33333333333331,2023-08-27 15:10:43.0,6,2023-08-27 15:10:43.0,97.21081073026336,2023-08-27 15:10:43.0,492540,2023-08-27 15:10:43.0,285710.0,2023-08-27 15:10:43.0,476.40074065106916,2023-08-27 15:10:43.0,980.0000000000001,4,2023-08-27 15:10:43.0,80.33333333333331
2023-08-27 15:10:49.0,0.35741679084816286,2023-08-27 15:10:49.0,78.33333333333334,2023-08-27 15:10:49.0,6,2023-08-27 15:10:49.0,97.21403171531658,2023-08-27 15:10:49.0,492780,2023-08-27 15:10:49.0,286152.0,2023-08-27 15:10:49.0,474.98426105361443,2023-08-27 15:10:49.0,980.0000000000001,4,2023-08-27 15:10:49.0,78.33333333333334
2023-08-27 15:10:55.0,0.3303197514966048,2023-08-27 15:10:55.0,78.13333333333334,2023-08-27 15:10:55.0,6,2023-08-27 15:10:55.0,97.21729333685211,2023-08-27 15:10:55.0,493020,2023-08-27 15:10:55.0,286618.0,2023-08-27 15:10:55.0,480.11571102116716,2023-08-27 15:10:55.0,980.0,4,2023-08-27 15:10:55.0,78.13333333333333
2023-08-27 15:11:01.0,0.35378701411282326,2023-08-27 15:11:01.0,79.2,2023-08-27 15:11:01.0,6,2023-08-27 15:11:01.0,97.22027066928061,2023-08-27 15:11:01.0,493260,2023-08-27 15:11:01.0,287015.0,2023-08-27 15:11:01.0,479.269897126797,2023-08-27 15:11:01.0,980.0000000000001,4,2023-08-27 15:11:01.0,79.2
2023-08-27 15:11:07.0,0.3288385405100866,2023-08-27 15:11:07.0,78.33333333333334,2023-08-27 15:11:07.0,6,2023-08-27 15:11:07.0,97.2242200543153,2023-08-27 15:11:07.0,493740,2023-08-27 15:11:07.0,287465.0,2023-08-27 15:11:07.0,478.6671030000186,2023-08-27 15:11:07.0,980.0,4,2023-08-27 15:11:07.0,78.33333333333333
2023-08-27 15:11:13.0,0.30622987984774996,2023-08-27 15:11:13.0,78.13333333333334,2023-08-27 15:11:13.0,6,2023-08-27 15:11:13.0,97.22879133720629,2023-08-27 15:11:13.0,493980,2023-08-27 15:11:13.0,288041.0,2023-08-27 15:11:13.0,483.28077546639764,2023-08-27 15:11:13.0,980.0000000000001,4,2023-08-27 15:11:13.0,78.13333333333334
2023-08-27 15:11:19.0,0.36285008251479867,2023-08-27 15:11:19.0,72.93333333333334,2023-08-27 15:11:19.0,6,2023-08-27 15:11:19.0,97.2316662093973,2023-08-27 15:11:19.0,495660,2023-08-27 15:11:19.0,288438.0,2023-08-27 15:11:19.0,482.0502005774708,2023-08-27 15:11:19.0,980.0,4,2023-08-27 15:11:19.0,72.93333333333332
2023-08-27 15:11:25.0,0.3179669675997226,2023-08-27 15:11:25.0,71.2,2023-08-27 15:11:25.0,6,2023-08-27 15:11:25.0,97.23439065422143,2023-08-27 15:11:25.0,495900,2023-08-27 15:11:25.0,288848.0,2023-08-27 15:11:25.0,475.90355936658403,2023-08-27 15:11:25.0,980.0,4,2023-08-27 15:11:25.0,71.2
2023-08-27 15:11:31.0,0.33909285360715585,2023-08-27 15:11:31.0,69.46666666666667,2023-08-27 15:11:31.0,6,2023-08-27 15:11:31.0,97.23698931699968,2023-08-27 15:11:31.0,496140,2023-08-27 15:11:31.0,289191.0,2023-08-27 15:11:31.0,469.1772135081341,2023-08-27 15:11:31.0,980.0,4,2023-08-27 15:11:31.0,69.46666666666667
2023-08-27 15:11:37.0,0.3406560369876922,2023-08-27 15:11:37.0,73.06666666666666,2023-08-27 15:11:37.0,6,2023-08-27 15:11:37.0,97.24092961315756,2023-08-27 15:11:37.0,496620,2023-08-27 15:11:37.0,289653.0,2023-08-27 15:11:37.0,472.7412330796647,2023-08-27 15:11:37.0,980.0,4,2023-08-27 15:11:37.0,73.06666666666666
2023-08-27 15:11:43.0,0.28869597742678504,2023-08-27 15:11:43.0,74.26666666666665,2023-08-27 15:11:43.0,6,2023-08-27 15:11:43.0,97.24512033748678,2023-08-27 15:11:43.0,496860,2023-08-27 15:11:43.0,290182.0,2023-08-27 15:11:43.0,477.5379186891009,2023-08-27 15:11:43.0,980.0000000000001,4,2023-08-27 15:11:43.0,74.26666666666665
2023-08-27 15:11:49.0,0.30964311208775636,2023-08-27 15:11:49.0,72.80000000000001,2023-08-27 15:11:49.0,6,2023-08-27 15:11:49.0,97.24808812842059,2023-08-27 15:11:49.0,497100,2023-08-27 15:11:49.0,290602.0,2023-08-27 15:11:49.0,481.5996622928156,2023-08-27 15:11:49.0,979.9999999999999,4,2023-08-27 15:11:49.0,72.80000000000001
2023-08-27 15:11:55.0,0.2817613857144712,2023-08-27 15:11:55.0,73.0,2023-08-27 15:11:55.0,6,2023-08-27 15:11:55.0,97.2510062623013,2023-08-27 15:11:55.0,497340,2023-08-27 15:11:55.0,291047.0,2023-08-27 15:11:55.0,485.37068065927014,2023-08-27 15:11:55.0,980.0,4,2023-08-27 15:11:55.0,73.0
2023-08-27 15:12:01.0,0.32037532068959357,2023-08-27 15:12:01.0,79.39999999999999,2023-08-27 15:12:01.0,6,2023-08-27 15:12:01.0,97.25422855243767,2023-08-27 15:12:01.0,497820,2023-08-27 15:12:01.0,291487.0,2023-08-27 15:12:01.0,482.1818310732913,2023-08-27 15:12:01.0,979.9999999999999,4,2023-08-27 15:12:01.0,79.39999999999999
2023-08-27 15:12:07.0,0.3070222467356346,2023-08-27 15:12:07.0,85.19999999999999,2023-08-27 15:12:07.0,6,2023-08-27 15:12:07.0,97.25875021257795,2023-08-27 15:12:07.0,498060,2023-08-27 15:12:07.0,292010.0,2023-08-27 15:12:07.0,482.39638784879253,2023-08-27 15:12:07.0,980.0,5,2023-08-27 15:12:07.0,85.19999999999999
2023-08-27 15:12:13.0,0.2876752009700766,2023-08-27 15:12:13.0,84.73333333333333,2023-08-27 15:12:13.0,6,2023-08-27 15:12:13.0,97.26335777451249,2023-08-27 15:12:13.0,498300,2023-08-27 15:12:13.0,292612.0,2023-08-27 15:12:13.0,474.55782825662953,2023-08-27 15:12:13.0,980.0,5,2023-08-27 15:12:13.0,84.73333333333333
2023-08-27 15:12:19.0,0.33267586941885274,2023-08-27 15:12:19.0,81.86666666666667,2023-08-27 15:12:19.0,6,2023-08-27 15:12:19.0,97.26670462030239,2023-08-27 15:12:19.0,499980,2023-08-27 15:12:19.0,293086.0,2023-08-27 15:12:19.0,475.4525246434487,2023-08-27 15:12:19.0,979.9999999999999,5,2023-08-27 15:12:19.0,81.86666666666667
2023-08-27 15:12:25.0,0.3534495609338461,2023-08-27 15:12:25.0,80.33333333333333,2023-08-27 15:12:25.0,6,2023-08-27 15:12:25.0,97.26983540878952,2023-08-27 15:12:25.0,500220,2023-08-27 15:12:25.0,293560.0,2023-08-27 15:12:25.0,472.20220712877386,2023-08-27 15:12:25.0,980.0,4,2023-08-27 15:12:25.0,80.33333333333333
2023-08-27 15:12:31.0,0.3492941836371689,2023-08-27 15:12:31.0,78.93333333333332,2023-08-27 15:12:31.0,6,2023-08-27 15:12:31.0,97.27275455535599,2023-08-27 15:12:31.0,500700,2023-08-27 15:12:31.0,293950.0,2023-08-27 15:12:31.0,474.90426929277345,2023-08-27 15:12:31.0,980.0000000000001,4,2023-08-27 15:12:31.0,78.93333333333332
2023-08-27 15:12:37.0,0.38206073151664266,2023-08-27 15:12:37.0,80.33333333333333,2023-08-27 15:12:37.0,6,2023-08-27 15:12:37.0,97.27670581443881,2023-08-27 15:12:37.0,500940,2023-08-27 15:12:37.0,294422.0,2023-08-27 15:12:37.0,475.11113337003025,2023-08-27 15:12:37.0,979.9999999999999,4,2023-08-27 15:12:37.0,80.33333333333333
2023-08-27 15:12:44.0,0.37515671902012016,2023-08-27 15:12:44.0,82.59999999999998,2023-08-27 15:12:44.0,6,2023-08-27 15:12:44.0,97.28154081047981,2023-08-27 15:12:44.0,501180,2023-08-27 15:12:44.0,295065.0,2023-08-27 15:12:44.0,476.93962904665665,2023-08-27 15:12:44.0,979.9999999999999,5,2023-08-27 15:12:44.0,82.59999999999998
2023-08-27 15:12:50.0,0.3723646136551398,2023-08-27 15:12:50.0,83.19999999999999,2023-08-27 15:12:50.0,6,2023-08-27 15:12:50.0,97.28479770157486,2023-08-27 15:12:50.0,501420,2023-08-27 15:12:50.0,295533.0,2023-08-27 15:12:50.0,481.3119748700586,2023-08-27 15:12:50.0,980.0,5,2023-08-27 15:12:50.0,83.19999999999999
2023-08-27 15:12:56.0,0.3563266411431986,2023-08-27 15:12:56.0,81.6,2023-08-27 15:12:56.0,6,2023-08-27 15:12:56.0,97.28799686382273,2023-08-27 15:12:56.0,501660,2023-08-27 15:12:56.0,296012.0,2023-08-27 15:12:56.0,479.5796184032567,2023-08-27 15:12:56.0,980.0,5,2023-08-27 15:12:56.0,81.6
2023-08-27 15:13:02.0,0.35337062509994743,2023-08-27 15:13:02.0,79.73333333333333,2023-08-27 15:13:02.0,6,2023-08-27 15:13:02.0,97.2906800128434,2023-08-27 15:13:02.0,502140,2023-08-27 15:13:02.0,296382.0,2023-08-27 15:13:02.0,483.7845668437226,2023-08-27 15:13:02.0,980.0,4,2023-08-27 15:13:02.0,79.73333333333333
2023-08-27 15:13:08.0,0.3540992508639384,2023-08-27 15:13:08.0,79.6,2023-08-27 15:13:08.0,6,2023-08-27 15:13:08.0,97.29465314497463,2023-08-27 15:13:08.0,502380,2023-08-27 15:13:08.0,296864.0,2023-08-27 15:13:08.0,487.0513320258798,2023-08-27 15:13:08.0,980.0,4,2023-08-27 15:13:08.0,79.6
2023-08-27 15:13:14.0,0.32010695181133286,2023-08-27 15:13:14.0,82.13333333333333,2023-08-27 15:13:14.0,6,2023-08-27 15:13:14.0,97.29939521326456,2023-08-27 15:13:14.0,502620,2023-08-27 15:13:14.0,297506.0,2023-08-27 15:13:14.0,489.2221278285284,2023-08-27 15:13:14.0,979.9999999999999,5,2023-08-27 15:13:14.0,82.13333333333333
2023-08-27 15:13:20.0,0.35614129267331485,2023-08-27 15:13:20.0,84.60000000000001,2023-08-27 15:13:20.0,6,2023-08-27 15:13:20.0,97.3028210625155,2023-08-27 15:13:20.0,504300,2023-08-27 15:13:20.0,297990.0,2023-08-27 15:13:20.0,485.4536734024839,2023-08-27 15:13:20.0,980.0,5,2023-08-27 15:13:20.0,84.60000000000001
2023-08-27 15:13:26.0,0.35137580496978815,2023-08-27 15:13:26.0,81.06666666666666,2023-08-27 15:13:26.0,6,2023-08-27 15:13:26.0,97.30554303733499,2023-08-27 15:13:26.0,504540,2023-08-27 15:13:26.0,298428.0,2023-08-27 15:13:26.0,475.18767162929566,2023-08-27 15:13:26.0,980.0,5,2023-08-27 15:13:26.0,81.06666666666666
2023-08-27 15:13:32.0,0.3610262155299705,2023-08-27 15:13:32.0,77.4,2023-08-27 15:13:32.0,6,2023-08-27 15:13:32.0,97.30829319144135,2023-08-27 15:13:32.0,505020,2023-08-27 15:13:32.0,298807.0,2023-08-27 15:13:32.0,475.97147360239535,2023-08-27 15:13:32.0,980.0,4,2023-08-27 15:13:32.0,77.4
2023-08-27 15:13:38.0,0.3623077667496766,2023-08-27 15:13:38.0,77.4,2023-08-27 15:13:38.0,6,2023-08-27 15:13:38.0,97.31209288567987,2023-08-27 15:13:38.0,505260,2023-08-27 15:13:38.0,299269.0,2023-08-27 15:13:38.0,477.72913724307614,2023-08-27 15:13:38.0,980.0,4,2023-08-27 15:13:38.0,77.4
2023-08-27 15:13:44.0,0.311733242762379,2023-08-27 15:13:44.0,80.6,2023-08-27 15:13:44.0,6,2023-08-27 15:13:44.0,97.3167308298074,2023-08-27 15:13:44.0,505500,2023-08-27 15:13:44.0,299901.0,2023-08-27 15:13:44.0,479.31835110014185,2023-08-27 15:13:44.0,980.0,5,2023-08-27 15:13:44.0,81.39999999999999
2023-08-27 15:13:50.0,0.3540091550800504,2023-08-27 15:13:50.0,83.39999999999999,2023-08-27 15:13:50.0,6,2023-08-27 15:13:50.0,97.32013453963214,2023-08-27 15:13:50.0,505740,2023-08-27 15:13:50.0,300438.0,2023-08-27 15:13:50.0,481.54439092094844,2023-08-27 15:13:50.0,979.9999999999999,5,2023-08-27 15:13:50.0,83.39999999999999
2023-08-27 15:13:56.0,0.28686572562304297,2023-08-27 15:13:56.0,82.33333333333333,2023-08-27 15:13:56.0,6,2023-08-27 15:13:56.0,97.32309823857823,2023-08-27 15:13:56.0,505980,2023-08-27 15:13:56.0,300856.0,2023-08-27 15:13:56.0,480.20442166827263,2023-08-27 15:13:56.0,980.0,5,2023-08-27 15:13:56.0,82.33333333333333
2023-08-27 15:14:02.0,0.3206645537330275,2023-08-27 15:14:02.0,83.6,2023-08-27 15:14:02.0,6,2023-08-27 15:14:02.0,97.32612683884972,2023-08-27 15:14:02.0,506460,2023-08-27 15:14:02.0,301295.0,2023-08-27 15:14:02.0,482.530280744257,2023-08-27 15:14:02.0,980.0,5,2023-08-27 15:14:02.0,83.6
2023-08-27 15:14:08.0,0.34267157653547614,2023-08-27 15:14:08.0,88.33333333333333,2023-08-27 15:14:08.0,6,2023-08-27 15:14:08.0,97.33050269349154,2023-08-27 15:14:08.0,506700,2023-08-27 15:14:08.0,301834.0,2023-08-27 15:14:08.0,477.9721222604234,2023-08-27 15:14:08.0,979.9999999999999,5,2023-08-27 15:14:08.0,88.33333333333333
2023-08-27 15:14:14.0,0.36158544735639114,2023-08-27 15:14:14.0,86.26666666666665,2023-08-27 15:14:14.0,6,2023-08-27 15:14:14.0,97.33529677434439,2023-08-27 15:14:14.0,506940,2023-08-27 15:14:14.0,302529.0,2023-08-27 15:14:14.0,472.7988209411739,2023-08-27 15:14:14.0,980.0,5,2023-08-27 15:14:14.0,86.26666666666665
2023-08-27 15:14:20.0,0.37902290273272665,2023-08-27 15:14:20.0,81.93333333333332,2023-08-27 15:14:20.0,6,2023-08-27 15:14:20.0,97.33821557897303,2023-08-27 15:14:20.0,508620,2023-08-27 15:14:20.0,302978.0,2023-08-27 15:14:20.0,473.3473901578632,2023-08-27 15:14:20.0,980.0000000000001,5,2023-08-27 15:14:20.0,81.93333333333334
2023-08-27 15:14:26.0,0.3453524604354011,2023-08-27 15:14:26.0,78.8,2023-08-27 15:14:26.0,6,2023-08-27 15:14:26.0,97.34100582928872,2023-08-27 15:14:26.0,508860,2023-08-27 15:14:26.0,303381.0,2023-08-27 15:14:26.0,474.2711927092035,2023-08-27 15:14:26.0,979.9999999999999,4,2023-08-27 15:14:26.0,78.8
2023-08-27 15:14:32.0,0.33955518150408437,2023-08-27 15:14:32.0,80.53333333333333,2023-08-27 15:14:32.0,6,2023-08-27 15:14:32.0,97.34393103218419,2023-08-27 15:14:32.0,509340,2023-08-27 15:14:32.0,303796.0,2023-08-27 15:14:32.0,478.3009300826157,2023-08-27 15:14:32.0,980.0,5,2023-08-27 15:14:32.0,80.53333333333333
2023-08-27 15:14:38.0,0.35196526931099853,2023-08-27 15:14:38.0,79.59999999999998,2023-08-27 15:14:38.0,6,2023-08-27 15:14:38.0,97.34758984121535,2023-08-27 15:14:38.0,509580,2023-08-27 15:14:38.0,304247.0,2023-08-27 15:14:38.0,474.3269565976545,2023-08-27 15:14:38.0,980.0,4,2023-08-27 15:14:38.0,79.59999999999998
2023-08-27 15:14:44.0,0.3769631518372244,2023-08-27 15:14:44.0,80.19999999999999,2023-08-27 15:14:44.0,6,2023-08-27 15:14:44.0,97.35225898058376,2023-08-27 15:14:44.0,509820,2023-08-27 15:14:44.0,304927.0,2023-08-27 15:14:44.0,481.7904345312265,2023-08-27 15:14:44.0,979.9999999999999,4,2023-08-27 15:14:44.0,80.19999999999999
2023-08-27 15:14:50.0,0.37325963683996816,2023-08-27 15:14:50.0,80.26666666666665,2023-08-27 15:14:50.0,6,2023-08-27 15:14:50.0,97.35511830433549,2023-08-27 15:14:50.0,510060,2023-08-27 15:14:50.0,305389.0,2023-08-27 15:14:50.0,481.2835246785676,2023-08-27 15:14:50.0,980.0000000000001,4,2023-08-27 15:14:50.0,80.26666666666665
2023-08-27 15:14:56.0,0.36605501238472027,2023-08-27 15:14:56.0,80.53333333333332,2023-08-27 15:14:56.0,6,2023-08-27 15:14:56.0,97.3578318204297,2023-08-27 15:14:56.0,510300,2023-08-27 15:14:56.0,305780.0,2023-08-27 15:14:56.0,483.7116236067307,2023-08-27 15:14:56.0,980.0,5,2023-08-27 15:14:56.0,80.53333333333332
2023-08-27 15:15:02.0,0.3416214252150841,2023-08-27 15:15:02.0,78.53333333333332,2023-08-27 15:15:02.0,6,2023-08-27 15:15:02.0,97.36043564129405,2023-08-27 15:15:02.0,510780,2023-08-27 15:15:02.0,306170.0,2023-08-27 15:15:02.0,479.3027672641412,2023-08-27 15:15:02.0,980.0000000000001,4,2023-08-27 15:15:02.0,78.53333333333332
2023-08-27 15:15:08.0,0.34149418566055856,2023-08-27 15:15:08.0,79.13333333333331,2023-08-27 15:15:08.0,6,2023-08-27 15:15:08.0,97.3642020296012,2023-08-27 15:15:08.0,511020,2023-08-27 15:15:08.0,306645.0,2023-08-27 15:15:08.0,480.18856815377626,2023-08-27 15:15:08.0,980.0,4,2023-08-27 15:15:08.0,79.13333333333331
2023-08-27 15:15:14.0,0.32244598987091144,2023-08-27 15:15:14.0,82.53333333333333,2023-08-27 15:15:14.0,6,2023-08-27 15:15:14.0,97.36903325284142,2023-08-27 15:15:14.0,511260,2023-08-27 15:15:14.0,307343.0,2023-08-27 15:15:14.0,485.6136115795613,2023-08-27 15:15:14.0,980.0000000000001,5,2023-08-27 15:15:14.0,82.53333333333333
2023-08-27 15:15:20.0,0.357454029379905,2023-08-27 15:15:20.0,80.66666666666666,2023-08-27 15:15:20.0,6,2023-08-27 15:15:20.0,97.37185749688372,2023-08-27 15:15:20.0,512940,2023-08-27 15:15:20.0,307798.0,2023-08-27 15:15:20.0,481.0371363450925,2023-08-27 15:15:20.0,980.0,5,2023-08-27 15:15:20.0,80.66666666666666
2023-08-27 15:15:26.0,0.35313900254227104,2023-08-27 15:15:26.0,82.06666666666666,2023-08-27 15:15:26.0,6,2023-08-27 15:15:26.0,97.3746540464311,2023-08-27 15:15:26.0,513180,2023-08-27 15:15:26.0,308217.0,2023-08-27 15:15:26.0,476.4526704686004,2023-08-27 15:15:26.0,980.0,5,2023-08-27 15:15:26.0,82.06666666666666
2023-08-27 15:15:32.0,0.3675975211096631,2023-08-27 15:15:32.0,80.39999999999999,2023-08-27 15:15:32.0,6,2023-08-27 15:15:32.0,97.37730743464336,2023-08-27 15:15:32.0,513660,2023-08-27 15:15:32.0,308607.0,2023-08-27 15:15:32.0,473.8316396830401,2023-08-27 15:15:32.0,980.0,4,2023-08-27 15:15:32.0,80.39999999999999
2023-08-27 15:15:38.0,0.3595775898575124,2023-08-27 15:15:38.0,80.33333333333333,2023-08-27 15:15:38.0,6,2023-08-27 15:15:38.0,97.38103395416191,2023-08-27 15:15:38.0,513900,2023-08-27 15:15:38.0,309137.0,2023-08-27 15:15:38.0,481.67426149789725,2023-08-27 15:15:38.0,980.0,4,2023-08-27 15:15:38.0,80.33333333333333
2023-08-27 15:15:44.0,0.3298221978785206,2023-08-27 15:15:44.0,84.26666666666667,2023-08-27 15:15:44.0,6,2023-08-27 15:15:44.0,97.38586350775749,2023-08-27 15:15:44.0,514140,2023-08-27 15:15:44.0,309798.0,2023-08-27 15:15:44.0,483.9215892296172,2023-08-27 15:15:44.0,980.0,5,2023-08-27 15:15:44.0,84.26666666666667
2023-08-27 15:15:50.0,0.3596270636143164,2023-08-27 15:15:50.0,84.26222370321003,2023-08-27 15:15:50.0,6,2023-08-27 15:15:50.0,97.38868456125067,2023-08-27 15:15:50.0,514380,2023-08-27 15:15:50.0,310264.0,2023-08-27 15:15:50.0,486.7790611380665,2023-08-27 15:15:50.0,980.0,5,2023-08-27 15:15:50.0,84.26222370321003
2023-08-27 15:15:56.0,0.36041379024324116,2023-08-27 15:15:56.0,80.46666666666665,2023-08-27 15:15:56.0,6,2023-08-27 15:15:56.0,97.39129587504618,2023-08-27 15:15:56.0,514620,2023-08-27 15:15:56.0,310648.0,2023-08-27 15:15:56.0,487.16506310596293,2023-08-27 15:15:56.0,979.9999999999999,4,2023-08-27 15:15:56.0,80.46666666666665
2023-08-27 15:16:02.0,0.34385389436404495,2023-08-27 15:16:02.0,78.13333333333333,2023-08-27 15:16:02.0,6,2023-08-27 15:16:02.0,97.39388908127904,2023-08-27 15:16:02.0,515100,2023-08-27 15:16:02.0,311040.0,2023-08-27 15:16:02.0,489.83320656875975,2023-08-27 15:16:02.0,980.0,4,2023-08-27 15:16:02.0,78.13333333333333
2023-08-27 15:16:08.0,0.3487838847903395,2023-08-27 15:16:08.0,84.53333333333333,2023-08-27 15:16:08.0,6,2023-08-27 15:16:08.0,97.39806814074323,2023-08-27 15:16:08.0,515340,2023-08-27 15:16:08.0,311642.0,2023-08-27 15:16:08.0,488.3760595122737,2023-08-27 15:16:08.0,980.0,5,2023-08-27 15:16:08.0,84.53333333333333
2023-08-27 15:16:14.0,0.3554995084277926,2023-08-27 15:16:14.0,85.79999999999998,2023-08-27 15:16:14.0,6,2023-08-27 15:16:14.0,97.40259961644192,2023-08-27 15:16:14.0,515580,2023-08-27 15:16:14.0,312273.0,2023-08-27 15:16:14.0,487.897587014796,2023-08-27 15:16:14.0,980.0,5,2023-08-27 15:16:14.0,85.79999999999998
2023-08-27 15:16:20.0,0.36801804588864,2023-08-27 15:16:20.0,87.39999999999998,2023-08-27 15:16:20.0,6,2023-08-27 15:16:20.0,97.40582830574716,2023-08-27 15:16:20.0,517260,2023-08-27 15:16:20.0,312802.0,2023-08-27 15:16:20.0,483.3879242948818,2023-08-27 15:16:20.0,980.0,5,2023-08-27 15:16:20.0,87.39999999999998
2023-08-27 15:16:26.0,0.3710245720067461,2023-08-27 15:16:26.0,87.53333333333333,2023-08-27 15:16:26.0,6,2023-08-27 15:16:26.0,97.40867427580889,2023-08-27 15:16:26.0,517500,2023-08-27 15:16:26.0,313240.0,2023-08-27 15:16:26.0,478.944952697448,2023-08-27 15:16:26.0,980.0,5,2023-08-27 15:16:26.0,87.53333333333333
2023-08-27 15:16:32.0,0.36817868184478375,2023-08-27 15:16:32.0,88.4,2023-08-27 15:16:32.0,6,2023-08-27 15:16:32.0,97.411621063717,2023-08-27 15:16:32.0,517980,2023-08-27 15:16:32.0,313679.0,2023-08-27 15:16:32.0,481.6527437871621,2023-08-27 15:16:32.0,980.0,5,2023-08-27 15:16:32.0,88.4
2023-08-27 15:16:38.0,0.37200859997434405,2023-08-27 15:16:38.0,88.6,2023-08-27 15:16:38.0,6,2023-08-27 15:16:38.0,97.41582326710852,2023-08-27 15:16:38.0,518220,2023-08-27 15:16:38.0,314283.0,2023-08-27 15:16:38.0,483.53200634156207,2023-08-27 15:16:38.0,980.0,5,2023-08-27 15:16:38.0,88.6
2023-08-27 15:16:44.0,0.3835047694181982,2023-08-27 15:16:44.0,83.19999999999999,2023-08-27 15:16:44.0,6,2023-08-27 15:16:44.0,97.41980852230822,2023-08-27 15:16:44.0,518460,2023-08-27 15:16:44.0,314848.0,2023-08-27 15:16:44.0,482.9879106788973,2023-08-27 15:16:44.0,979.9999999999999,5,2023-08-27 15:16:44.0,83.19999999999999
2023-08-27 15:16:50.0,0.39181082502747455,2023-08-27 15:16:50.0,81.93333333333332,2023-08-27 15:16:50.0,6,2023-08-27 15:16:50.0,97.42292643187037,2023-08-27 15:16:50.0,518700,2023-08-27 15:16:50.0,315363.0,2023-08-27 15:16:50.0,478.8937876696479,2023-08-27 15:16:50.0,980.0,5,2023-08-27 15:16:50.0,81.93333333333332
2023-08-27 15:16:56.0,0.34317501927236393,2023-08-27 15:16:56.0,84.12670975766864,2023-08-27 15:16:56.0,6,2023-08-27 15:16:56.0,97.42561710369577,2023-08-27 15:16:56.0,518940,2023-08-27 15:16:56.0,315783.0,2023-08-27 15:16:56.0,473.9471103726004,2023-08-27 15:16:56.0,980.0,5,2023-08-27 15:16:56.0,84.12670975766864
2023-08-27 15:17:02.0,0.3786537718364423,2023-08-27 15:17:02.0,83.46666666666665,2023-08-27 15:17:02.0,6,2023-08-27 15:17:02.0,97.42821508186897,2023-08-27 15:17:02.0,519420,2023-08-27 15:17:02.0,316178.0,2023-08-27 15:17:02.0,473.60262362980905,2023-08-27 15:17:02.0,980.0,5,2023-08-27 15:17:02.0,83.46666666666665
2023-08-27 15:17:08.0,0.39639451584084323,2023-08-27 15:17:08.0,82.74030547588873,2023-08-27 15:17:08.0,6,2023-08-27 15:17:08.0,97.43203435619019,2023-08-27 15:17:08.0,519660,2023-08-27 15:17:08.0,316735.0,2023-08-27 15:17:08.0,481.7189062049147,2023-08-27 15:17:08.0,980.0,5,2023-08-27 15:17:08.0,82.74030547588873
2023-08-27 15:17:14.0,0.3838714088673498,2023-08-27 15:17:14.0,85.13333333333333,2023-08-27 15:17:14.0,6,2023-08-27 15:17:14.0,97.43654056198379,2023-08-27 15:17:14.0,519900,2023-08-27 15:17:14.0,317386.0,2023-08-27 15:17:14.0,487.3032036501693,2023-08-27 15:17:14.0,980.0,5,2023-08-27 15:17:14.0,85.13333333333333
2023-08-27 15:17:20.0,0.3601429314645981,2023-08-27 15:17:20.0,86.06666666666666,2023-08-27 15:17:20.0,6,2023-08-27 15:17:20.0,97.43937696910598,2023-08-27 15:17:20.0,521580,2023-08-27 15:17:20.0,317867.0,2023-08-27 15:17:20.0,484.45090390161266,2023-08-27 15:17:20.0,980.0,5,2023-08-27 15:17:20.0,86.06666666666666
2023-08-27 15:17:26.0,0.3424046669519708,2023-08-27 15:17:26.0,84.53333333333333,2023-08-27 15:17:26.0,6,2023-08-27 15:17:26.0,97.4421440309882,2023-08-27 15:17:26.0,521820,2023-08-27 15:17:26.0,318291.0,2023-08-27 15:17:26.0,479.02424070134276,2023-08-27 15:17:26.0,979.9999999999999,5,2023-08-27 15:17:26.0,84.53333333333333
2023-08-27 15:17:32.0,0.37607808347632776,2023-08-27 15:17:32.0,81.26666666666665,2023-08-27 15:17:32.0,6,2023-08-27 15:17:32.0,97.44470290583325,2023-08-27 15:17:32.0,522300,2023-08-27 15:17:32.0,318677.0,2023-08-27 15:17:32.0,479.448061297736,2023-08-27 15:17:32.0,980.0000000000001,5,2023-08-27 15:17:32.0,81.26666666666665
2023-08-27 15:17:38.0,0.32804272432262865,2023-08-27 15:17:38.0,77.86666666666665,2023-08-27 15:17:38.0,6,2023-08-27 15:17:38.0,97.44805733612108,2023-08-27 15:17:38.0,522540,2023-08-27 15:17:38.0,319179.0,2023-08-27 15:17:38.0,477.1640291064815,2023-08-27 15:17:38.0,980.0000000000001,4,2023-08-27 15:17:38.0,77.86666666666665
2023-08-27 15:17:44.0,0.3534587124576905,2023-08-27 15:17:44.0,72.86666666666666,2023-08-27 15:17:44.0,6,2023-08-27 15:17:44.0,97.45174312671502,2023-08-27 15:17:44.0,522780,2023-08-27 15:17:44.0,319708.0,2023-08-27 15:17:44.0,471.0386315589515,2023-08-27 15:17:44.0,979.9999999999999,4,2023-08-27 15:17:44.0,72.86666666666666
2023-08-27 15:17:50.0,0.35102360730238885,2023-08-27 15:17:50.0,72.33333333333333,2023-08-27 15:17:50.0,6,2023-08-27 15:17:50.0,97.4541696596966,2023-08-27 15:17:50.0,523020,2023-08-27 15:17:50.0,320137.0,2023-08-27 15:17:50.0,470.2547752245924,2023-08-27 15:17:50.0,980.0,4,2023-08-27 15:17:50.0,72.33333333333333
2023-08-27 15:17:56.0,0.31955556495069115,2023-08-27 15:17:56.0,72.86666666666666,2023-08-27 15:17:56.0,6,2023-08-27 15:17:56.0,97.4565502797465,2023-08-27 15:17:56.0,523260,2023-08-27 15:17:56.0,320508.0,2023-08-27 15:17:56.0,473.40792525757615,2023-08-27 15:17:56.0,980.0,4,2023-08-27 15:17:56.0,72.86666666666666
2023-08-27 15:18:02.0,0.3391849783872194,2023-08-27 15:18:02.0,75.73333333333333,2023-08-27 15:18:02.0,6,2023-08-27 15:18:02.0,97.45910692945502,2023-08-27 15:18:02.0,523740,2023-08-27 15:18:02.0,320912.0,2023-08-27 15:18:02.0,476.3866213868802,2023-08-27 15:18:02.0,980.0,4,2023-08-27 15:18:02.0,75.73333333333333
2023-08-27 15:18:08.0,0.34095548363193007,2023-08-27 15:18:08.0,81.8,2023-08-27 15:18:08.0,6,2023-08-27 15:18:08.0,97.46422956202852,2023-08-27 15:18:08.0,523980,2023-08-27 15:18:08.0,321558.0,2023-08-27 15:18:08.0,479.0939429633116,2023-08-27 15:18:08.0,980.0000000000001,5,2023-08-27 15:18:08.0,81.53333333333333
2023-08-27 15:18:14.0,0.32469695907911444,2023-08-27 15:18:14.0,86.26365393587947,2023-08-27 15:18:14.0,6,2023-08-27 15:18:14.0,97.46731091961607,2023-08-27 15:18:14.0,525660,2023-08-27 15:18:14.0,322140.0,2023-08-27 15:18:14.0,478.38740530708225,2023-08-27 15:18:14.0,979.9999999999999,5,2023-08-27 15:18:14.0,86.26365393587947
2023-08-27 15:18:20.0,0.34220880540023974,2023-08-27 15:18:20.0,83.86666666666666,2023-08-27 15:18:20.0,6,2023-08-27 15:18:20.0,97.47003986166214,2023-08-27 15:18:20.0,525900,2023-08-27 15:18:20.0,322611.0,2023-08-27 15:18:20.0,486.06447770070923,2023-08-27 15:18:20.0,980.782747603834,5,2023-08-27 15:18:20.0,83.86666666666666
2023-08-27 15:18:26.0,0.32785369030793693,2023-08-27 15:18:26.0,84.4,2023-08-27 15:18:26.0,6,2023-08-27 15:18:26.0,97.4726269466576,2023-08-27 15:18:26.0,526140,2023-08-27 15:18:26.0,323018.0,2023-08-27 15:18:26.0,485.36969128042114,2023-08-27 15:18:26.0,980.7704402515724,5,2023-08-27 15:18:26.0,84.4
2023-08-27 15:18:32.0,0.3721919953325985,2023-08-27 15:18:32.0,84.86949389877975,2023-08-27 15:18:32.0,6,2023-08-27 15:18:32.0,97.47557767546532,2023-08-27 15:18:32.0,526620,2023-08-27 15:18:32.0,323487.0,2023-08-27 15:18:32.0,482.0523097142541,2023-08-27 15:18:32.0,980.7692052849635,5,2023-08-27 15:18:32.0,84.86949389877975
2023-08-27 15:18:38.0,0.34825823291778263,2023-08-27 15:18:38.0,87.73333333333333,2023-08-27 15:18:38.0,6,2023-08-27 15:18:38.0,97.48057099076068,2023-08-27 15:18:38.0,526860,2023-08-27 15:18:38.0,324182.0,2023-08-27 15:18:38.0,479.800261943338,2023-08-27 15:18:38.0,980.0,5,2023-08-27 15:18:38.0,87.73333333333333
2023-08-27 15:18:44.0,0.36251572643086766,2023-08-27 15:18:44.0,82.39999999999999,2023-08-27 15:18:44.0,6,2023-08-27 15:18:44.0,97.48337169770448,2023-08-27 15:18:44.0,527100,2023-08-27 15:18:44.0,324650.0,2023-08-27 15:18:44.0,481.4635981487228,2023-08-27 15:18:44.0,980.0000000000001,5,2023-08-27 15:18:44.0,82.39999999999999
2023-08-27 15:18:50.0,0.39058250976909165,2023-08-27 15:18:50.0,77.53333333333333,2023-08-27 15:18:50.0,6,2023-08-27 15:18:50.0,97.48588898357931,2023-08-27 15:18:50.0,527340,2023-08-27 15:18:50.0,325103.0,2023-08-27 15:18:50.0,477.6724028847869,2023-08-27 15:18:50.0,980.0,4,2023-08-27 15:18:50.0,77.53333333333333
2023-08-27 15:18:56.0,0.36317860034433325,2023-08-27 15:18:56.0,77.53333333333333,2023-08-27 15:18:56.0,6,2023-08-27 15:18:56.0,97.48831198704676,2023-08-27 15:18:56.0,527580,2023-08-27 15:18:56.0,325489.0,2023-08-27 15:18:56.0,477.95940006764096,2023-08-27 15:18:56.0,980.0,4,2023-08-27 15:18:56.0,77.53333333333333
2023-08-27 15:19:02.0,0.35168964682650516,2023-08-27 15:19:02.0,80.13333333333333,2023-08-27 15:19:02.0,6,2023-08-27 15:19:02.0,97.49161288922387,2023-08-27 15:19:02.0,528060,2023-08-27 15:19:02.0,325969.0,2023-08-27 15:19:02.0,476.02838304892236,2023-08-27 15:19:02.0,980.0,4,2023-08-27 15:19:02.0,80.13333333333333
2023-08-27 15:19:08.0,0.3106477211590661,2023-08-27 15:19:08.0,80.79999999999998,2023-08-27 15:19:08.0,6,2023-08-27 15:19:08.0,97.49564546411847,2023-08-27 15:19:08.0,528300,2023-08-27 15:19:08.0,326576.0,2023-08-27 15:19:08.0,475.32756690471047,2023-08-27 15:19:08.0,980.0,5,2023-08-27 15:19:08.0,80.8
2023-08-27 15:19:14.0,0.34754093365596184,2023-08-27 15:19:14.0,77.8,2023-08-27 15:19:14.0,6,2023-08-27 15:19:14.0,97.49806377288647,2023-08-27 15:19:14.0,529980,2023-08-27 15:19:14.0,327001.0,2023-08-27 15:19:14.0,477.5792832773104,2023-08-27 15:19:14.0,980.0,4,2023-08-27 15:19:14.0,77.8
2023-08-27 15:19:20.0,0.36061897710896584,2023-08-27 15:19:20.0,74.19999999999999,2023-08-27 15:19:20.0,6,2023-08-27 15:19:20.0,97.50044549893563,2023-08-27 15:19:20.0,530220,2023-08-27 15:19:20.0,327428.0,2023-08-27 15:19:20.0,477.4096428940513,2023-08-27 15:19:20.0,980.0000000000001,4,2023-08-27 15:19:20.0,74.19999999999999
2023-08-27 15:19:26.0,0.32874623170540856,2023-08-27 15:19:26.0,75.26666666666665,2023-08-27 15:19:26.0,6,2023-08-27 15:19:26.0,97.50296511642573,2023-08-27 15:19:26.0,530460,2023-08-27 15:19:26.0,327835.0,2023-08-27 15:19:26.0,469.2829163863211,2023-08-27 15:19:26.0,980.0,4,2023-08-27 15:19:26.0,75.26666666666667
2023-08-27 15:19:32.0,0.3465317022013771,2023-08-27 15:19:32.0,78.55188359577437,2023-08-27 15:19:32.0,6,2023-08-27 15:19:32.0,97.50619344084164,2023-08-27 15:19:32.0,530940,2023-08-27 15:19:32.0,328291.0,2023-08-27 15:19:32.0,467.739875470183,2023-08-27 15:19:32.0,979.9999999999999,4,2023-08-27 15:19:32.0,78.55188359577437
2023-08-27 15:19:38.0,0.3334433646623022,2023-08-27 15:19:38.0,76.6,2023-08-27 15:19:38.0,6,2023-08-27 15:19:38.0,97.50979105282602,2023-08-27 15:19:38.0,531180,2023-08-27 15:19:38.0,328852.0,2023-08-27 15:19:38.0,476.19697770143773,2023-08-27 15:19:38.0,980.0,4,2023-08-27 15:19:38.0,76.6
2023-08-27 15:19:44.0,0.291119035685314,2023-08-27 15:19:44.0,79.06666666666666,2023-08-27 15:19:44.0,6,2023-08-27 15:19:44.0,97.51266850728469,2023-08-27 15:19:44.0,531420,2023-08-27 15:19:44.0,329347.0,2023-08-27 15:19:44.0,481.36174655433007,2023-08-27 15:19:44.0,980.0,4,2023-08-27 15:19:44.0,79.06666666666666
2023-08-27 15:19:50.0,0.34777282147927197,2023-08-27 15:19:50.0,80.24139407318215,2023-08-27 15:19:50.0,6,2023-08-27 15:19:50.0,97.51528093613501,2023-08-27 15:19:50.0,531660,2023-08-27 15:19:50.0,329823.0,2023-08-27 15:19:50.0,481.5832117879741,2023-08-27 15:19:50.0,980.0,4,2023-08-27 15:19:50.0,80.24139407318215
2023-08-27 15:19:56.0,0.3560239356659026,2023-08-27 15:19:56.0,80.39999999999999,2023-08-27 15:19:56.0,6,2023-08-27 15:19:56.0,97.51754973294781,2023-08-27 15:19:56.0,531900,2023-08-27 15:19:56.0,330199.0,2023-08-27 15:19:56.0,477.7781722765507,2023-08-27 15:19:56.0,980.0,4,2023-08-27 15:19:56.0,80.39999999999999
2023-08-27 15:20:02.0,0.3326876103920314,2023-08-27 15:20:02.0,79.06666666666666,2023-08-27 15:20:02.0,6,2023-08-27 15:20:02.0,97.52084247525521,2023-08-27 15:20:02.0,532380,2023-08-27 15:20:02.0,330660.0,2023-08-27 15:20:02.0,480.876739249594,2023-08-27 15:20:02.0,979.9999999999999,4,2023-08-27 15:20:02.0,79.06666666666666
2023-08-27 15:20:08.0,0.3335660782358349,2023-08-27 15:20:08.0,77.13333333333333,2023-08-27 15:20:08.0,6,2023-08-27 15:20:08.0,97.52439025974773,2023-08-27 15:20:08.0,532620,2023-08-27 15:20:08.0,331235.0,2023-08-27 15:20:08.0,479.8756172756459,2023-08-27 15:20:08.0,980.0,4,2023-08-27 15:20:08.0,77.13333333333333
2023-08-27 15:20:14.0,0.3287140829613485,2023-08-27 15:20:14.0,76.66666666666666,2023-08-27 15:20:14.0,6,2023-08-27 15:20:14.0,97.527003114417,2023-08-27 15:20:14.0,534300,2023-08-27 15:20:14.0,331686.0,2023-08-27 15:20:14.0,477.6231278141254,2023-08-27 15:20:14.0,979.9999999999999,4,2023-08-27 15:20:14.0,76.66666666666666
2023-08-27 15:20:20.0,0.33213178569011226,2023-08-27 15:20:20.0,76.26666666666665,2023-08-27 15:20:20.0,6,2023-08-27 15:20:20.0,97.52946349822003,2023-08-27 15:20:20.0,534540,2023-08-27 15:20:20.0,332137.0,2023-08-27 15:20:20.0,470.45272849178485,2023-08-27 15:20:20.0,980.0,4,2023-08-27 15:20:20.0,76.26666666666665
2023-08-27 15:20:26.0,0.3435440853483673,2023-08-27 15:20:26.0,79.46666666666667,2023-08-27 15:20:26.0,6,2023-08-27 15:20:26.0,97.53188301814114,2023-08-27 15:20:26.0,535020,2023-08-27 15:20:26.0,332548.0,2023-08-27 15:20:26.0,467.3935871438538,2023-08-27 15:20:26.0,979.9999999999999,4,2023-08-27 15:20:26.0,79.46666666666667
2023-08-27 15:20:32.0,0.3247969944966244,2023-08-27 15:20:32.0,80.2,2023-08-27 15:20:32.0,6,2023-08-27 15:20:32.0,97.53521074280093,2023-08-27 15:20:32.0,535260,2023-08-27 15:20:32.0,333025.0,2023-08-27 15:20:32.0,471.38888083767506,2023-08-27 15:20:32.0,980.0,4,2023-08-27 15:20:32.0,80.2
2023-08-27 15:20:38.0,0.3465605434239222,2023-08-27 15:20:38.0,83.06666666666666,2023-08-27 15:20:38.0,6,2023-08-27 15:20:38.0,97.53913466482007,2023-08-27 15:20:38.0,535500,2023-08-27 15:20:38.0,333654.0,2023-08-27 15:20:38.0,477.9830352769865,2023-08-27 15:20:38.0,980.0,5,2023-08-27 15:20:38.0,83.06666666666666
2023-08-27 15:20:44.0,0.2970197055603804,2023-08-27 15:20:44.0,85.93333333333334,2023-08-27 15:20:44.0,6,2023-08-27 15:20:44.0,97.54205870056838,2023-08-27 15:20:44.0,535740,2023-08-27 15:20:44.0,334169.0,2023-08-27 15:20:44.0,478.7671798254025,2023-08-27 15:20:44.0,980.0,5,2023-08-27 15:20:44.0,85.93333333333334
2023-08-27 15:20:50.0,0.36582084652243485,2023-08-27 15:20:50.0,85.73333333333332,2023-08-27 15:20:50.0,6,2023-08-27 15:20:50.0,97.54459730890937,2023-08-27 15:20:50.0,535980,2023-08-27 15:20:50.0,334652.0,2023-08-27 15:20:50.0,473.97694910612535,2023-08-27 15:20:50.0,980.0,5,2023-08-27 15:20:50.0,85.73333333333332
2023-08-27 15:20:56.0,0.3606020855465649,2023-08-27 15:20:56.0,85.46666666666667,2023-08-27 15:20:56.0,6,2023-08-27 15:20:56.0,97.54717955069904,2023-08-27 15:20:56.0,536460,2023-08-27 15:20:56.0,335083.0,2023-08-27 15:20:56.0,474.5155087326801,2023-08-27 15:20:56.0,980.0,5,2023-08-27 15:20:56.0,85.46666666666667
2023-08-27 15:21:02.0,0.3637301008153383,2023-08-27 15:21:02.0,83.13333333333334,2023-08-27 15:21:02.0,6,2023-08-27 15:21:02.0,97.55048462601538,2023-08-27 15:21:02.0,536700,2023-08-27 15:21:02.0,335555.0,2023-08-27 15:21:02.0,476.6002659386923,2023-08-27 15:21:02.0,980.0,5,2023-08-27 15:21:02.0,83.13333333333334
2023-08-27 15:21:08.0,0.376742935270493,2023-08-27 15:21:08.0,83.26666666666667,2023-08-27 15:21:08.0,6,2023-08-27 15:21:08.0,97.55426450594311,2023-08-27 15:21:08.0,536940,2023-08-27 15:21:08.0,336181.0,2023-08-27 15:21:08.0,475.80724581308823,2023-08-27 15:21:08.0,980.0,5,2023-08-27 15:21:08.0,83.26666666666667
2023-08-27 15:21:14.0,0.34968637077509324,2023-08-27 15:21:14.0,83.46666666666665,2023-08-27 15:21:15.0,6,2023-08-27 15:21:15.0,97.55709978722768,2023-08-27 15:21:15.0,538620,2023-08-27 15:21:14.0,336682.0,2023-08-27 15:21:15.0,478.9356914856141,2023-08-27 15:21:15.0,980.0,5,2023-08-27 15:21:15.0,83.46666666666665
2023-08-27 15:21:21.0,0.38762235216239416,2023-08-27 15:21:21.0,83.39999999999999,2023-08-27 15:21:21.0,6,2023-08-27 15:21:21.0,97.55963103729675,2023-08-27 15:21:21.0,538860,2023-08-27 15:21:21.0,337154.0,2023-08-27 15:21:21.0,475.4875173157837,2023-08-27 15:21:21.0,980.0,5,2023-08-27 15:21:21.0,83.39999999999999
2023-08-27 15:21:27.0,0.3606207679129708,2023-08-27 15:21:27.0,84.0,2023-08-27 15:21:27.0,6,2023-08-27 15:21:27.0,97.56199230686391,2023-08-27 15:21:27.0,539340,2023-08-27 15:21:27.0,337567.0,2023-08-27 15:21:27.0,477.6004052227461,2023-08-27 15:21:27.0,980.0,5,2023-08-27 15:21:27.0,84.0
2023-08-27 15:21:33.0,0.38041467051377104,2023-08-27 15:21:33.0,82.0,2023-08-27 15:21:33.0,6,2023-08-27 15:21:33.0,97.5651555941916,2023-08-27 15:21:33.0,539580,2023-08-27 15:21:33.0,338026.0,2023-08-27 15:21:33.0,478.1933760633689,2023-08-27 15:21:33.0,980.0,5,2023-08-27 15:21:33.0,82.0
2023-08-27 15:21:39.0,0.37802939981319716,2023-08-27 15:21:39.0,81.6,2023-08-27 15:21:39.0,6,2023-08-27 15:21:39.0,97.56917679387465,2023-08-27 15:21:39.0,539820,2023-08-27 15:21:39.0,338718.0,2023-08-27 15:21:39.0,480.1857732163507,2023-08-27 15:21:39.0,979.9999999999999,5,2023-08-27 15:21:39.0,81.6
2023-08-27 15:21:45.0,0.36359142690010116,2023-08-27 15:21:45.0,82.93333333333332,2023-08-27 15:21:45.0,6,2023-08-27 15:21:45.0,97.57184733860474,2023-08-27 15:21:45.0,540060,2023-08-27 15:21:45.0,339212.0,2023-08-27 15:21:45.0,482.4212520127571,2023-08-27 15:21:45.0,980.0000000000001,5,2023-08-27 15:21:45.0,82.93333333333332
2023-08-27 15:21:51.0,0.3773097897174608,2023-08-27 15:21:51.0,83.13333333333333,2023-08-27 15:21:51.0,6,2023-08-27 15:21:51.0,97.574273240718,2023-08-27 15:21:51.0,540300,2023-08-27 15:21:51.0,339631.0,2023-08-27 15:21:51.0,484.72463375098204,2023-08-27 15:21:51.0,979.9999999999999,5,2023-08-27 15:21:51.0,83.13333333333333
2023-08-27 15:21:57.0,0.35655551026064003,2023-08-27 15:21:57.0,79.8,2023-08-27 15:21:57.0,6,2023-08-27 15:21:57.0,97.57637796853659,2023-08-27 15:21:57.0,540780,2023-08-27 15:21:57.0,339987.0,2023-08-27 15:21:57.0,482.6533340140328,2023-08-27 15:21:57.0,980.0000000000001,4,2023-08-27 15:21:57.0,79.8
2023-08-27 15:22:03.0,0.3644193970017215,2023-08-27 15:22:03.0,78.73333333333332,2023-08-27 15:22:03.0,6,2023-08-27 15:22:03.0,97.57941892625763,2023-08-27 15:22:03.0,541020,2023-08-27 15:22:03.0,340454.0,2023-08-27 15:22:03.0,477.9177359093329,2023-08-27 15:22:03.0,980.0,4,2023-08-27 15:22:03.0,78.73333333333332
2023-08-27 15:22:09.0,0.3708185900551261,2023-08-27 15:22:09.0,83.6,2023-08-27 15:22:09.0,6,2023-08-27 15:22:09.0,97.58369546451927,2023-08-27 15:22:09.0,541260,2023-08-27 15:22:09.0,341188.0,2023-08-27 15:22:09.0,480.1685419574784,2023-08-27 15:22:09.0,980.0,5,2023-08-27 15:22:09.0,83.6
2023-08-27 15:22:15.0,0.3607449428862659,2023-08-27 15:22:15.0,86.6,2023-08-27 15:22:15.0,6,2023-08-27 15:22:15.0,97.58624179368424,2023-08-27 15:22:15.0,542940,2023-08-27 15:22:15.0,341686.0,2023-08-27 15:22:15.0,476.2795735185354,2023-08-27 15:22:15.0,980.0,5,2023-08-27 15:22:15.0,86.6
2023-08-27 15:22:21.0,0.3818220378646649,2023-08-27 15:22:21.0,87.86856025247809,2023-08-27 15:22:21.0,6,2023-08-27 15:22:21.0,97.58876682215056,2023-08-27 15:22:21.0,543180,2023-08-27 15:22:21.0,342134.0,2023-08-27 15:22:21.0,478.074375046831,2023-08-27 15:22:21.0,979.9999999999999,5,2023-08-27 15:22:21.0,87.86856025247809
2023-08-27 15:22:27.0,0.34186884875324297,2023-08-27 15:22:27.0,87.06666666666668,2023-08-27 15:22:27.0,6,2023-08-27 15:22:27.0,97.59130407517284,2023-08-27 15:22:27.0,543660,2023-08-27 15:22:27.0,342566.0,2023-08-27 15:22:27.0,476.5621199661887,2023-08-27 15:22:27.0,980.0,5,2023-08-27 15:22:27.0,87.06666666666668
2023-08-27 15:22:33.0,0.357063714167603,2023-08-27 15:22:33.0,88.26666666666665,2023-08-27 15:22:33.0,6,2023-08-27 15:22:33.0,97.59467765683223,2023-08-27 15:22:33.0,543900,2023-08-27 15:22:33.0,343081.0,2023-08-27 15:22:33.0,475.5936438581843,2023-08-27 15:22:33.0,980.0,5,2023-08-27 15:22:33.0,88.26666666666665
2023-08-27 15:22:39.0,0.3563641186495518,2023-08-27 15:22:39.0,90.06666666666666,2023-08-27 15:22:39.0,6,2023-08-27 15:22:39.0,97.59900340443427,2023-08-27 15:22:39.0,544140,2023-08-27 15:22:39.0,343844.0,2023-08-27 15:22:39.0,480.06129073919556,2023-08-27 15:22:39.0,980.0,5,2023-08-27 15:22:39.0,90.06666666666666
2023-08-27 15:22:45.0,0.3555894741756814,2023-08-27 15:22:45.0,91.0,2023-08-27 15:22:45.0,6,2023-08-27 15:22:45.0,97.60170575208899,2023-08-27 15:22:45.0,544380,2023-08-27 15:22:45.0,344371.0,2023-08-27 15:22:45.0,484.3363106485224,2023-08-27 15:22:45.0,980.0,5,2023-08-27 15:22:45.0,91.0
2023-08-27 15:22:51.0,0.38664687073744725,2023-08-27 15:22:51.0,88.8,2023-08-27 15:22:51.0,6,2023-08-27 15:22:51.0,97.60417021450645,2023-08-27 15:22:51.0,544620,2023-08-27 15:22:51.0,344791.0,2023-08-27 15:22:51.0,482.50732636548605,2023-08-27 15:22:51.0,980.0,5,2023-08-27 15:22:51.0,88.8
2023-08-27 15:22:57.0,0.3408861169152924,2023-08-27 15:22:57.0,86.13333333333333,2023-08-27 15:22:57.0,6,2023-08-27 15:22:57.0,97.60646969754552,2023-08-27 15:22:57.0,545100,2023-08-27 15:22:57.0,345210.0,2023-08-27 15:22:57.0,478.91438650155095,2023-08-27 15:22:57.0,980.0000000000001,5,2023-08-27 15:22:57.0,86.13333333333333
2023-08-27 15:23:03.0,0.4008328693027603,2023-08-27 15:23:03.0,84.73333333333332,2023-08-27 15:23:03.0,6,2023-08-27 15:23:03.0,97.60977865591715,2023-08-27 15:23:03.0,545340,2023-08-27 15:23:03.0,345712.0,2023-08-27 15:23:03.0,479.7322437521582,2023-08-27 15:23:03.0,980.0,5,2023-08-27 15:23:03.0,84.86666666666666
2023-08-27 15:23:09.0,0.41497879430360973,2023-08-27 15:23:09.0,84.26666666666667,2023-08-27 15:23:09.0,6,2023-08-27 15:23:09.0,97.61366356881686,2023-08-27 15:23:09.0,545580,2023-08-27 15:23:09.0,346405.0,2023-08-27 15:23:09.0,477.5665281641683,2023-08-27 15:23:09.0,980.0,5,2023-08-27 15:23:09.0,84.26666666666667
2023-08-27 15:23:15.0,0.37302449987005937,2023-08-27 15:23:15.0,83.33333333333333,2023-08-27 15:23:15.0,6,2023-08-27 15:23:15.0,97.61617479269634,2023-08-27 15:23:15.0,547260,2023-08-27 15:23:15.0,346882.0,2023-08-27 15:23:15.0,475.1233805094827,2023-08-27 15:23:15.0,980.0,5,2023-08-27 15:23:15.0,83.33333333333333
2023-08-27 15:23:21.0,0.3860933956162408,2023-08-27 15:23:21.0,83.46666666666667,2023-08-27 15:23:21.0,6,2023-08-27 15:23:21.0,97.61845709667635,2023-08-27 15:23:21.0,547500,2023-08-27 15:23:21.0,347316.0,2023-08-27 15:23:21.0,477.98124191265043,2023-08-27 15:23:21.0,980.0,5,2023-08-27 15:23:21.0,83.46666666666667
2023-08-27 15:23:27.0,0.35849440957294815,2023-08-27 15:23:27.0,82.26666666666667,2023-08-27 15:23:27.0,6,2023-08-27 15:23:27.0,97.6207464770638,2023-08-27 15:23:27.0,547980,2023-08-27 15:23:27.0,347725.0,2023-08-27 15:23:27.0,477.9773522186662,2023-08-27 15:23:27.0,980.0,5,2023-08-27 15:23:27.0,82.26666666666667
2023-08-27 15:23:33.0,0.3860593309227989,2023-08-27 15:23:33.0,85.64029542883758,2023-08-27 15:23:33.0,6,2023-08-27 15:23:33.0,97.62428769998884,2023-08-27 15:23:33.0,548220,2023-08-27 15:23:33.0,348318.0,2023-08-27 15:23:33.0,477.84188343446215,2023-08-27 15:23:33.0,980.0000000000001,5,2023-08-27 15:23:33.0,85.64029542883758
2023-08-27 15:23:39.0,0.37084344106859163,2023-08-27 15:23:39.0,88.39999999999998,2023-08-27 15:23:39.0,6,2023-08-27 15:23:39.0,97.62820075298988,2023-08-27 15:23:39.0,548460,2023-08-27 15:23:39.0,348990.0,2023-08-27 15:23:39.0,479.48430636161874,2023-08-27 15:23:39.0,980.0,5,2023-08-27 15:23:39.0,88.39999999999999
2023-08-27 15:23:45.0,0.35337302684805294,2023-08-27 15:23:45.0,89.0,2023-08-27 15:23:45.0,6,2023-08-27 15:23:45.0,97.63090413361678,2023-08-27 15:23:45.0,548700,2023-08-27 15:23:45.0,349515.0,2023-08-27 15:23:45.0,482.9931177128557,2023-08-27 15:23:45.0,980.0,5,2023-08-27 15:23:45.0,89.0
2023-08-27 15:23:51.0,0.38410572377515956,2023-08-27 15:23:51.0,89.96200209293522,2023-08-27 15:23:51.0,6,2023-08-27 15:23:51.0,97.6333876498534,2023-08-27 15:23:51.0,548940,2023-08-27 15:23:51.0,349959.0,2023-08-27 15:23:51.0,481.7015019406676,2023-08-27 15:23:51.0,980.0,5,2023-08-27 15:23:51.0,89.96200209293522
2023-08-27 15:23:57.0,0.3885768100546797,2023-08-27 15:23:57.0,90.53333333333333,2023-08-27 15:23:57.0,6,2023-08-27 15:23:57.0,97.63600534897527,2023-08-27 15:23:57.0,549420,2023-08-27 15:23:57.0,350423.0,2023-08-27 15:23:57.0,482.68727263967025,2023-08-27 15:23:57.0,979.9999999999999,5,2023-08-27 15:23:57.0,90.53333333333333
2023-08-27 15:24:03.0,0.3827851036651283,2023-08-27 15:24:03.0,89.19999999999999,2023-08-27 15:24:03.0,6,2023-08-27 15:24:03.0,97.63934742160944,2023-08-27 15:24:03.0,549660,2023-08-27 15:24:03.0,351016.0,2023-08-27 15:24:03.0,480.1502319468499,2023-08-27 15:24:03.0,980.0,5,2023-08-27 15:24:03.0,89.19999999999999
2023-08-27 15:24:09.0,0.37968151904676173,2023-08-27 15:24:09.0,89.0,2023-08-27 15:24:09.0,6,2023-08-27 15:24:09.0,97.64333326285598,2023-08-27 15:24:09.0,549900,2023-08-27 15:24:09.0,351681.0,2023-08-27 15:24:09.0,483.9883302468775,2023-08-27 15:24:09.0,980.0,5,2023-08-27 15:24:09.0,89.0
2023-08-27 15:24:15.0,0.40184694205279253,2023-08-27 15:24:15.0,87.86666666666666,2023-08-27 15:24:15.0,6,2023-08-27 15:24:15.0,97.64576506505924,2023-08-27 15:24:15.0,551580,2023-08-27 15:24:15.0,352188.0,2023-08-27 15:24:15.0,487.36381981231676,2023-08-27 15:24:15.0,980.0,5,2023-08-27 15:24:15.0,87.86666666666666
2023-08-27 15:24:21.0,0.3866682948850497,2023-08-27 15:24:21.0,88.86666666666666,2023-08-27 15:24:21.0,6,2023-08-27 15:24:21.0,97.64822882089092,2023-08-27 15:24:21.0,551820,2023-08-27 15:24:21.0,352637.0,2023-08-27 15:24:21.0,486.32748753926035,2023-08-27 15:24:21.0,980.0,5,2023-08-27 15:24:21.0,88.86666666666666
2023-08-27 15:24:27.0,0.3901053071284505,2023-08-27 15:24:27.0,88.13333333333333,2023-08-27 15:24:27.0,6,2023-08-27 15:24:27.0,97.65064345900556,2023-08-27 15:24:27.0,552300,2023-08-27 15:24:27.0,353077.0,2023-08-27 15:24:27.0,487.6590591574778,2023-08-27 15:24:27.0,980.0,5,2023-08-27 15:24:27.0,88.13333333333333
2023-08-27 15:24:33.0,0.36792260990157,2023-08-27 15:24:33.0,88.73333333333332,2023-08-27 15:24:33.0,6,2023-08-27 15:24:33.0,97.65397172542488,2023-08-27 15:24:33.0,552540,2023-08-27 15:24:33.0,353654.0,2023-08-27 15:24:33.0,481.8745060304831,2023-08-27 15:24:33.0,980.0,5,2023-08-27 15:24:33.0,88.73333333333333
2023-08-27 15:24:39.0,0.37350353951202114,2023-08-27 15:24:39.0,88.46666666666665,2023-08-27 15:24:39.0,6,2023-08-27 15:24:39.0,97.65785375076497,2023-08-27 15:24:39.0,552780,2023-08-27 15:24:39.0,354326.0,2023-08-27 15:24:39.0,480.7406312683716,2023-08-27 15:24:39.0,980.0,5,2023-08-27 15:24:39.0,88.46666666666665
2023-08-27 15:24:45.0,0.3683300336665718,2023-08-27 15:24:45.0,86.99321940286251,2023-08-27 15:24:45.0,6,2023-08-27 15:24:45.0,97.66028769673805,2023-08-27 15:24:45.0,553020,2023-08-27 15:24:45.0,354826.0,2023-08-27 15:24:45.0,482.6729486561725,2023-08-27 15:24:45.0,980.0,5,2023-08-27 15:24:45.0,86.99321940286251
2023-08-27 15:24:51.0,0.38733572623731777,2023-08-27 15:24:51.0,85.33333333333333,2023-08-27 15:24:51.0,6,2023-08-27 15:24:51.0,97.66256276726574,2023-08-27 15:24:51.0,553260,2023-08-27 15:24:51.0,355241.0,2023-08-27 15:24:51.0,484.7916256132919,2023-08-27 15:24:51.0,980.0,5,2023-08-27 15:24:51.0,85.33333333333333
2023-08-27 15:24:57.0,0.38809599991223287,2023-08-27 15:24:57.0,85.13333333333333,2023-08-27 15:24:57.0,6,2023-08-27 15:24:57.0,97.66482318330308,2023-08-27 15:24:57.0,553860,2023-08-27 15:24:57.0,355669.0,2023-08-27 15:24:57.0,481.1213823207643,2023-08-27 15:24:57.0,980.0,5,2023-08-27 15:24:57.0,85.13333333333333
2023-08-27 15:25:03.0,0.3900278302226607,2023-08-27 15:25:03.0,88.2704009958211,2023-08-27 15:25:03.0,6,2023-08-27 15:25:03.0,97.66833359042131,2023-08-27 15:25:03.0,554160,2023-08-27 15:25:03.0,356297.0,2023-08-27 15:25:03.0,478.89382024483723,2023-08-27 15:25:03.0,979.9999999999999,5,2023-08-27 15:25:03.0,89.40373432915443
2023-08-27 15:25:09.0,0.40782738319864226,2023-08-27 15:25:09.0,91.99999999999999,2023-08-27 15:25:09.0,6,2023-08-27 15:25:09.0,97.67224404262515,2023-08-27 15:25:09.0,554460,2023-08-27 15:25:09.0,356980.0,2023-08-27 15:25:09.0,480.81036056056274,2023-08-27 15:25:09.0,980.0,5,2023-08-27 15:25:09.0,91.99999999999999
2023-08-27 15:25:15.0,0.3649564859794732,2023-08-27 15:25:15.0,94.17026333333332,2023-08-27 15:25:15.0,7,2023-08-27 15:25:15.0,97.6749524399937,2023-08-27 15:25:15.0,556200,2023-08-27 15:25:15.0,357537.0,2023-08-27 15:25:15.0,483.6531725849723,2023-08-27 15:25:15.0,980.0,5,2023-08-27 15:25:15.0,94.17066833333332
2023-08-27 15:25:21.0,0.3709627379350718,2023-08-27 15:25:21.0,98.99515666666666,2023-08-27 15:25:21.0,7,2023-08-27 15:25:21.0,97.67074564532408,2023-08-27 15:25:21.0,556500,2023-08-27 15:25:21.0,358105.0,2023-08-27 15:25:21.0,530.1943955213758,2023-08-27 15:25:21.0,1381.732314911887,5,2023-08-27 15:25:21.0,99.00032666666665
2023-08-27 15:25:27.0,0.3343661052376794,2023-08-27 15:25:27.0,99.25675999999999,2023-08-27 15:25:27.0,7,2023-08-27 15:25:27.0,97.6731197504907,2023-08-27 15:25:27.0,557100,2023-08-27 15:25:27.0,358588.0,2023-08-27 15:25:27.0,535.6854446311387,2023-08-27 15:25:27.0,1420.5774447832728,5,2023-08-27 15:25:27.0,99.26177333333332
2023-08-27 15:25:33.0,0.3885556019849019,2023-08-27 15:25:33.0,101.59389577502331,2023-08-27 15:25:33.0,7,2023-08-27 15:25:33.0,97.67797786704483,2023-08-27 15:25:33.0,557400,2023-08-27 15:25:33.0,359428.0,2023-08-27 15:25:33.0,515.2375151182313,2023-08-27 15:25:33.0,1181.0099057439786,6,2023-08-27 15:25:33.0,101.59389577502331
2023-08-27 15:25:39.0,0.41137715180736245,2023-08-27 15:25:39.0,102.19999999999999,2023-08-27 15:25:39.0,7,2023-08-27 15:25:39.0,97.68081326185508,2023-08-27 15:25:39.0,557700,2023-08-27 15:25:39.0,359992.0,2023-08-27 15:25:39.0,482.57793960205044,2023-08-27 15:25:39.0,980.0,6,2023-08-27 15:25:39.0,102.19999999999999
2023-08-27 15:25:45.0,0.39111208279601706,2023-08-27 15:25:45.0,99.19999999999999,2023-08-27 15:25:45.0,7,2023-08-27 15:25:45.0,97.68335523079809,2023-08-27 15:25:45.0,558000,2023-08-27 15:25:45.0,360539.0,2023-08-27 15:25:45.0,493.4083814602417,2023-08-27 15:25:45.0,986.6485753052917,5,2023-08-27 15:25:45.0,99.19999999999999
2023-08-27 15:25:51.0,0.4249145246877024,2023-08-27 15:25:51.0,99.20560224089634,2023-08-27 15:25:51.0,7,2023-08-27 15:25:51.0,97.68688342098928,2023-08-27 15:25:51.0,558300,2023-08-27 15:25:51.0,361117.0,2023-08-27 15:25:51.0,494.8656017523887,2023-08-27 15:25:51.0,986.7257690973619,5,2023-08-27 15:25:51.0,99.20560224089634
2023-08-27 15:25:57.0,0.43354834064411996,2023-08-27 15:25:57.0,97.4,2023-08-27 15:25:57.0,7,2023-08-27 15:25:57.0,97.69024931886104,2023-08-27 15:25:57.0,558900,2023-08-27 15:25:57.0,361672.0,2023-08-27 15:25:57.0,484.4333287256868,2023-08-27 15:25:57.0,980.0,5,2023-08-27 15:25:57.0,97.4
2023-08-27 15:26:03.0,0.40684457344415753,2023-08-27 15:26:03.0,97.73333333333332,2023-08-27 15:26:03.0,7,2023-08-27 15:26:03.0,97.69384869836844,2023-08-27 15:26:03.0,559200,2023-08-27 15:26:03.0,362359.0,2023-08-27 15:26:03.0,471.93935183709874,2023-08-27 15:26:03.0,980.0,5,2023-08-27 15:26:03.0,97.73333333333332
2023-08-27 15:26:09.0,0.4083237713795743,2023-08-27 15:26:09.0,96.39999999999999,2023-08-27 15:26:09.0,7,2023-08-27 15:26:09.0,97.69659763070713,2023-08-27 15:26:09.0,559500,2023-08-27 15:26:09.0,362908.0,2023-08-27 15:26:09.0,481.2260100576604,2023-08-27 15:26:09.0,980.0,5,2023-08-27 15:26:09.0,96.39999999999999
2023-08-27 15:26:15.0,0.3570196268755337,2023-08-27 15:26:15.0,99.66666666666666,2023-08-27 15:26:15.0,7,2023-08-27 15:26:15.0,97.69933821775156,2023-08-27 15:26:15.0,561240,2023-08-27 15:26:15.0,363489.0,2023-08-27 15:26:15.0,486.06068693814046,2023-08-27 15:26:15.0,980.6594885598922,5,2023-08-27 15:26:15.0,99.66666666666667
2023-08-27 15:26:21.0,0.41681615446610465,2023-08-27 15:26:21.0,98.4,2023-08-27 15:26:21.0,7,2023-08-27 15:26:21.0,97.70229045076674,2023-08-27 15:26:21.0,561540,2023-08-27 15:26:21.0,364022.0,2023-08-27 15:26:21.0,482.89286718167796,2023-08-27 15:26:21.0,980.6648575305292,5,2023-08-27 15:26:21.0,98.4
2023-08-27 15:26:27.0,0.4024389303037307,2023-08-27 15:26:27.0,94.86666666666666,2023-08-27 15:26:27.0,7,2023-08-27 15:26:27.0,97.7054724859616,2023-08-27 15:26:27.0,562140,2023-08-27 15:26:27.0,364559.0,2023-08-27 15:26:27.0,481.1372599873568,2023-08-27 15:26:27.0,980.0000000000001,5,2023-08-27 15:26:27.0,94.86666666666666
2023-08-27 15:26:33.0,0.38124913302211993,2023-08-27 15:26:33.0,90.8,2023-08-27 15:26:33.0,7,2023-08-27 15:26:33.0,97.7088424854323,2023-08-27 15:26:33.0,562440,2023-08-27 15:26:33.0,365198.0,2023-08-27 15:26:33.0,490.8146878191647,2023-08-27 15:26:33.0,980.717948717949,5,2023-08-27 15:26:33.0,90.8
2023-08-27 15:26:39.0,0.40137643366548253,2023-08-27 15:26:39.0,92.73333333333333,2023-08-27 15:26:39.0,7,2023-08-27 15:26:39.0,97.71154853748966,2023-08-27 15:26:39.0,562740,2023-08-27 15:26:39.0,365734.0,2023-08-27 15:26:39.0,484.3047786804111,2023-08-27 15:26:39.0,980.7091172214181,5,2023-08-27 15:26:39.0,92.73333333333333
2023-08-27 15:26:45.0,0.37850560434588787,2023-08-27 15:26:45.0,96.86666666666665,2023-08-27 15:26:45.0,7,2023-08-27 15:26:45.0,97.71439171529543,2023-08-27 15:26:45.0,563040,2023-08-27 15:26:45.0,366349.0,2023-08-27 15:26:45.0,482.0412429882361,2023-08-27 15:26:45.0,980.6777316735823,5,2023-08-27 15:26:45.0,96.86666666666665
2023-08-27 15:26:51.0,0.3706974987586438,2023-08-27 15:26:51.0,102.46666666666667,2023-08-27 15:26:51.0,7,2023-08-27 15:26:51.0,97.71752242493578,2023-08-27 15:26:51.0,563340,2023-08-27 15:26:51.0,366934.0,2023-08-27 15:26:51.0,477.7671186777315,2023-08-27 15:26:51.0,980.0,6,2023-08-27 15:26:51.0,102.46666666666667
2023-08-27 15:26:57.0,0.38432861109368954,2023-08-27 15:26:57.0,103.59999999999998,2023-08-27 15:26:57.0,7,2023-08-27 15:26:57.0,97.72086242683997,2023-08-27 15:26:57.0,564060,2023-08-27 15:26:57.0,367513.0,2023-08-27 15:26:57.0,478.21734269189176,2023-08-27 15:26:57.0,980.0000000000001,6,2023-08-27 15:26:57.0,103.59999999999998
2023-08-27 15:27:03.0,0.38866612455247473,2023-08-27 15:27:03.0,102.46666666666665,2023-08-27 15:27:03.0,7,2023-08-27 15:27:03.0,97.72471819795601,2023-08-27 15:27:03.0,564420,2023-08-27 15:27:03.0,368243.0,2023-08-27 15:27:03.0,478.05480051331597,2023-08-27 15:27:03.0,980.0,6,2023-08-27 15:27:03.0,102.46666666666665
2023-08-27 15:27:09.0,0.3885470069516498,2023-08-27 15:27:09.0,101.39999999999999,2023-08-27 15:27:09.0,7,2023-08-27 15:27:09.0,97.72742418123615,2023-08-27 15:27:09.0,564780,2023-08-27 15:27:09.0,368806.0,2023-08-27 15:27:09.0,480.3834654031965,2023-08-27 15:27:09.0,980.0,6,2023-08-27 15:27:09.0,101.39999999999999
2023-08-27 15:27:15.0,0.3276432572409313,2023-08-27 15:27:15.0,99.26666666666665,2023-08-27 15:27:15.0,7,2023-08-27 15:27:15.0,97.73009917846981,2023-08-27 15:27:15.0,566580,2023-08-27 15:27:15.0,369366.0,2023-08-27 15:27:15.0,483.6395689384376,2023-08-27 15:27:15.0,980.0,5,2023-08-27 15:27:15.0,99.26666666666665
2023-08-27 15:27:21.0,0.39345007629015893,2023-08-27 15:27:21.0,96.93333333333334,2023-08-27 15:27:21.0,7,2023-08-27 15:27:21.0,97.73277246690199,2023-08-27 15:27:21.0,567300,2023-08-27 15:27:21.0,369897.0,2023-08-27 15:27:21.0,479.15486776253636,2023-08-27 15:27:21.0,980.0,5,2023-08-27 15:27:21.0,96.93333333333334
2023-08-27 15:27:27.0,0.4168422995000063,2023-08-27 15:27:27.0,97.26666666666665,2023-08-27 15:27:27.0,7,2023-08-27 15:27:27.0,97.73611855394212,2023-08-27 15:27:27.0,567660,2023-08-27 15:27:27.0,370489.0,2023-08-27 15:27:27.0,483.5730780371174,2023-08-27 15:27:27.0,980.0,5,2023-08-27 15:27:27.0,97.26666666666665
2023-08-27 15:27:33.0,0.38013287755767783,2023-08-27 15:27:33.0,102.33333333333333,2023-08-27 15:27:33.0,8,2023-08-27 15:27:33.0,97.73998437580269,2023-08-27 15:27:34.0,568020,2023-08-27 15:27:33.0,371220.0,2023-08-27 15:27:34.0,482.6239701717929,2023-08-27 15:27:34.0,983.3285948601816,6,2023-08-27 15:27:34.0,104.70009108075085
2023-08-27 15:27:40.0,0.380142696442096,2023-08-27 15:27:40.0,105.44599999999998,2023-08-27 15:27:40.0,8,2023-08-27 15:27:40.0,97.74038564892021,2023-08-27 15:27:40.0,568380,2023-08-27 15:27:40.0,371869.0,2023-08-27 15:27:40.0,505.5409670415105,2023-08-27 15:27:40.0,1127.5950756934444,6,2023-08-27 15:27:40.0,105.44959999999999
2023-08-27 15:27:46.0,0.3822843558697111,2023-08-27 15:27:46.0,102.63752333333332,2023-08-27 15:27:46.0,8,2023-08-27 15:27:46.0,97.74299923682973,2023-08-27 15:27:46.0,568740,2023-08-27 15:27:46.0,372461.0,2023-08-27 15:27:46.0,513.9205071729947,2023-08-27 15:27:46.0,1180.2723524271316,6,2023-08-27 15:27:46.0,102.64261666666665
2023-08-27 15:27:52.0,0.40614202117568937,2023-08-27 15:27:52.0,108.01952740781239,2023-08-27 15:27:52.0,8,2023-08-27 15:27:52.0,97.7460366956136,2023-08-27 15:27:52.0,569460,2023-08-27 15:27:52.0,373075.0,2023-08-27 15:27:52.0,515.3081565681323,2023-08-27 15:27:52.0,1171.2810897864517,6,2023-08-27 15:27:52.0,108.01952740781239
2023-08-27 15:27:58.0,0.39836561154898,2023-08-27 15:27:58.0,106.86666666666666,2023-08-27 15:27:58.0,8,2023-08-27 15:27:58.0,97.74943956668666,2023-08-27 15:27:58.0,569820,2023-08-27 15:27:58.0,373659.0,2023-08-27 15:27:58.0,484.965606993796,2023-08-27 15:27:58.0,980.0,6,2023-08-27 15:27:58.0,106.86666666666666
2023-08-27 15:28:04.0,0.39030220125359105,2023-08-27 15:28:04.0,105.4,2023-08-27 15:28:04.0,8,2023-08-27 15:28:04.0,97.7535383535615,2023-08-27 15:28:04.0,570180,2023-08-27 15:28:04.0,374441.0,2023-08-27 15:28:04.0,481.03202533798947,2023-08-27 15:28:04.0,980.0,6,2023-08-27 15:28:04.0,105.4
2023-08-27 15:28:10.0,0.4033471066670406,2023-08-27 15:28:10.0,101.73333333333333,2023-08-27 15:28:10.0,8,2023-08-27 15:28:10.0,97.75612166311164,2023-08-27 15:28:10.0,570540,2023-08-27 15:28:10.0,374978.0,2023-08-27 15:28:10.0,478.36925913568206,2023-08-27 15:28:10.0,980.0,6,2023-08-27 15:28:10.0,101.73333333333333
2023-08-27 15:28:16.0,0.37968819446145524,2023-08-27 15:28:16.0,100.20000000000002,2023-08-27 15:28:16.0,8,2023-08-27 15:28:16.0,97.75881907148113,2023-08-27 15:28:16.0,572340,2023-08-27 15:28:16.0,375561.0,2023-08-27 15:28:16.0,477.23282721889734,2023-08-27 15:28:16.0,980.0,5,2023-08-27 15:28:16.0,100.20000000000002
2023-08-27 15:28:22.0,0.39481121643166295,2023-08-27 15:28:22.0,99.53333333333333,2023-08-27 15:28:22.0,8,2023-08-27 15:28:22.0,97.761405596175,2023-08-27 15:28:22.0,573060,2023-08-27 15:28:22.0,376102.0,2023-08-27 15:28:22.0,476.036474001344,2023-08-27 15:28:22.0,980.0,5,2023-08-27 15:28:22.0,99.53333333333333
2023-08-27 15:28:28.0,0.37706083512410044,2023-08-27 15:28:28.0,100.46666666666665,2023-08-27 15:28:28.0,8,2023-08-27 15:28:28.0,97.76466542253692,2023-08-27 15:28:28.0,573420,2023-08-27 15:28:28.0,376673.0,2023-08-27 15:28:28.0,480.6153563133736,2023-08-27 15:28:28.0,980.0,5,2023-08-27 15:28:28.0,100.46666666666665
2023-08-27 15:28:34.0,0.3930303323835187,2023-08-27 15:28:34.0,98.46666666666667,2023-08-27 15:28:34.0,8,2023-08-27 15:28:34.0,97.76851355989395,2023-08-27 15:28:34.0,573780,2023-08-27 15:28:34.0,377469.0,2023-08-27 15:28:34.0,486.1140038595468,2023-08-27 15:28:34.0,984.0054495912806,5,2023-08-27 15:28:34.0,98.46666666666667
2023-08-27 15:28:40.0,0.3588526767107627,2023-08-27 15:28:40.0,101.66666666666666,2023-08-27 15:28:40.0,8,2023-08-27 15:28:40.0,97.7712262707471,2023-08-27 15:28:40.0,574140,2023-08-27 15:28:40.0,378076.0,2023-08-27 15:28:40.0,485.56424988363307,2023-08-27 15:28:40.0,983.9252336448596,6,2023-08-27 15:28:40.0,101.66666666666666
2023-08-27 15:28:46.0,0.334167738305799,2023-08-27 15:28:46.0,107.93333333333334,2023-08-27 15:28:46.0,8,2023-08-27 15:28:46.0,97.77415354132067,2023-08-27 15:28:46.0,574500,2023-08-27 15:28:46.0,378653.0,2023-08-27 15:28:46.0,484.5945551130595,2023-08-27 15:28:46.0,979.9999999999999,6,2023-08-27 15:28:46.0,107.93333333333334
2023-08-27 15:28:52.0,0.37410081905870707,2023-08-27 15:28:52.0,108.99999999999999,2023-08-27 15:28:52.0,8,2023-08-27 15:28:52.0,97.77693214156274,2023-08-27 15:28:52.0,575220,2023-08-27 15:28:52.0,379239.0,2023-08-27 15:28:52.0,486.1355938653367,2023-08-27 15:28:52.0,980.0,6,2023-08-27 15:28:52.0,108.99999999999999
2023-08-27 15:28:58.0,0.37777827003558323,2023-08-27 15:28:58.0,108.60000000000001,2023-08-27 15:28:58.0,8,2023-08-27 15:28:58.0,97.78036200263854,2023-08-27 15:28:58.0,575580,2023-08-27 15:28:58.0,379847.0,2023-08-27 15:28:58.0,488.6901198111694,2023-08-27 15:28:58.0,980.0,6,2023-08-27 15:28:58.0,108.60000000000001
2023-08-27 15:29:04.0,0.3729469469745661,2023-08-27 15:29:04.0,110.93333333333331,2023-08-27 15:29:04.0,8,2023-08-27 15:29:04.0,97.78472516681389,2023-08-27 15:29:04.0,575940,2023-08-27 15:29:04.0,380785.0,2023-08-27 15:29:04.0,483.0618746032225,2023-08-27 15:29:04.0,980.0,6,2023-08-27 15:29:04.0,110.93333333333331
2023-08-27 15:29:10.0,0.3776560895347262,2023-08-27 15:29:10.0,112.86666666666667,2023-08-27 15:29:10.0,8,2023-08-27 15:29:10.0,97.78754611698336,2023-08-27 15:29:10.0,576300,2023-08-27 15:29:10.0,381387.0,2023-08-27 15:29:10.0,481.70761023497613,2023-08-27 15:29:10.0,980.0,6,2023-08-27 15:29:10.0,112.86666666666667
2023-08-27 15:29:16.0,0.36243025749336055,2023-08-27 15:29:16.0,110.06666666666665,2023-08-27 15:29:16.0,8,2023-08-27 15:29:16.0,97.79021357915842,2023-08-27 15:29:16.0,578100,2023-08-27 15:29:16.0,381923.0,2023-08-27 15:29:16.0,476.836785405543,2023-08-27 15:29:16.0,980.0,6,2023-08-27 15:29:16.0,110.06666666666665
2023-08-27 15:29:22.0,0.3969612696966566,2023-08-27 15:29:22.0,106.99999999999999,2023-08-27 15:29:22.0,8,2023-08-27 15:29:22.0,97.79301660986783,2023-08-27 15:29:22.0,578820,2023-08-27 15:29:22.0,382520.0,2023-08-27 15:29:22.0,482.1170201196217,2023-08-27 15:29:22.0,980.0,6,2023-08-27 15:29:22.0,106.99999999999999
2023-08-27 15:29:28.0,0.38182518396980514,2023-08-27 15:29:28.0,105.53333333333333,2023-08-27 15:29:28.0,8,2023-08-27 15:29:28.0,97.79626263776956,2023-08-27 15:29:28.0,579180,2023-08-27 15:29:28.0,383115.0,2023-08-27 15:29:28.0,481.20616340517313,2023-08-27 15:29:28.0,980.0,6,2023-08-27 15:29:28.0,105.53333333333333
2023-08-27 15:29:34.0,0.3994777055660287,2023-08-27 15:29:34.0,100.33333333333333,2023-08-27 15:29:34.0,8,2023-08-27 15:29:34.0,97.7998464664655,2023-08-27 15:29:34.0,579540,2023-08-27 15:29:34.0,383885.0,2023-08-27 15:29:34.0,483.09797630318815,2023-08-27 15:29:34.0,980.6520292747837,5,2023-08-27 15:29:34.0,100.33333333333333
2023-08-27 15:29:40.0,0.3756076532521001,2023-08-27 15:29:40.0,94.59772045590881,2023-08-27 15:29:40.0,8,2023-08-27 15:29:40.0,97.8022146581256,2023-08-27 15:29:40.0,579900,2023-08-27 15:29:40.0,384409.0,2023-08-27 15:29:40.0,479.34822837693434,2023-08-27 15:29:40.0,980.6819929470981,5,2023-08-27 15:29:40.0,94.59772045590881
2023-08-27 15:29:46.0,0.3621982120626519,2023-08-27 15:29:46.0,95.33333333333331,2023-08-27 15:29:46.0,8,2023-08-27 15:29:46.0,97.80458869478399,2023-08-27 15:29:46.0,580260,2023-08-27 15:29:46.0,384896.0,2023-08-27 15:29:46.0,480.41748125662235,2023-08-27 15:29:46.0,980.6838799720864,5,2023-08-27 15:29:46.0,95.33333333333331
2023-08-27 15:29:52.0,0.3473230980428326,2023-08-27 15:29:52.0,98.66429380790507,2023-08-27 15:29:52.0,8,2023-08-27 15:29:52.0,97.80732160877731,2023-08-27 15:29:52.0,580980,2023-08-27 15:29:52.0,385497.0,2023-08-27 15:29:52.0,474.41288810180026,2023-08-27 15:29:52.0,980.0,5,2023-08-27 15:29:52.0,98.66429380790507
2023-08-27 15:29:58.0,0.3566136785451133,2023-08-27 15:29:58.0,101.93621390944855,2023-08-27 15:29:58.0,8,2023-08-27 15:29:58.0,97.81034784486667,2023-08-27 15:29:58.0,581340,2023-08-27 15:29:58.0,386099.0,2023-08-27 15:29:58.0,483.2306104224448,2023-08-27 15:29:58.0,980.0,6,2023-08-27 15:29:58.0,101.93621390944855
2023-08-27 15:30:04.0,0.3653666701940917,2023-08-27 15:30:04.0,97.8692271787691,2023-08-27 15:30:04.0,8,2023-08-27 15:30:04.0,97.81395828968104,2023-08-27 15:30:04.0,581700,2023-08-27 15:30:04.0,386835.0,2023-08-27 15:30:04.0,479.6053150810212,2023-08-27 15:30:04.0,980.0,5,2023-08-27 15:30:04.0,97.8692271787691
2023-08-27 15:30:10.0,0.33793734484326005,2023-08-27 15:30:10.0,97.06666666666666,2023-08-27 15:30:10.0,8,2023-08-27 15:30:10.0,97.8164510663564,2023-08-27 15:30:10.0,582060,2023-08-27 15:30:10.0,387391.0,2023-08-27 15:30:10.0,474.51950610579127,2023-08-27 15:30:10.0,980.0,5,2023-08-27 15:30:10.0,97.06666666666666
2023-08-27 15:30:16.0,0.319819655256433,2023-08-27 15:30:16.0,97.66666666666666,2023-08-27 15:30:16.0,8,2023-08-27 15:30:16.0,97.8187790926905,2023-08-27 15:30:16.0,583860,2023-08-27 15:30:16.0,387867.0,2023-08-27 15:30:16.0,471.0036789092544,2023-08-27 15:30:16.0,980.0,5,2023-08-27 15:30:16.0,97.66666666666666
2023-08-27 15:30:22.0,0.3495450078902053,2023-08-27 15:30:22.0,98.0,2023-08-27 15:30:22.0,8,2023-08-27 15:30:22.0,97.82125254058099,2023-08-27 15:30:22.0,584580,2023-08-27 15:30:22.0,388418.0,2023-08-27 15:30:22.0,469.6513692148037,2023-08-27 15:30:22.0,980.0,5,2023-08-27 15:30:22.0,98.0
2023-08-27 15:30:28.0,0.3314997889990731,2023-08-27 15:30:28.0,101.26666666666667,2023-08-27 15:30:28.0,8,2023-08-27 15:30:28.0,97.82444434808133,2023-08-27 15:30:28.0,584940,2023-08-27 15:30:28.0,389068.0,2023-08-27 15:30:28.0,469.7942875965792,2023-08-27 15:30:28.0,980.0,6,2023-08-27 15:30:28.0,101.26666666666667
2023-08-27 15:30:34.0,0.3298274337443581,2023-08-27 15:30:34.0,101.06666666666666,2023-08-27 15:30:34.0,8,2023-08-27 15:30:34.0,97.8280402274726,2023-08-27 15:30:34.0,585300,2023-08-27 15:30:34.0,389821.0,2023-08-27 15:30:34.0,477.6229286904569,2023-08-27 15:30:34.0,980.0,6,2023-08-27 15:30:34.0,101.06666666666666
2023-08-27 15:30:40.0,0.34062630617380635,2023-08-27 15:30:40.0,102.46666666666667,2023-08-27 15:30:40.0,8,2023-08-27 15:30:40.0,97.83059420228764,2023-08-27 15:30:40.0,585660,2023-08-27 15:30:40.0,390396.0,2023-08-27 15:30:40.0,473.49590870657477,2023-08-27 15:30:40.0,980.0,6,2023-08-27 15:30:40.0,102.46666666666665
2023-08-27 15:30:46.0,0.3329152177361282,2023-08-27 15:30:46.0,100.4,2023-08-27 15:30:46.0,8,2023-08-27 15:30:46.0,97.83286219803009,2023-08-27 15:30:46.0,586020,2023-08-27 15:30:46.0,390884.0,2023-08-27 15:30:46.0,479.76135007810893,2023-08-27 15:30:46.0,980.0000000000001,5,2023-08-27 15:30:46.0,100.4
2023-08-27 15:30:52.0,0.32797922575221444,2023-08-27 15:30:52.0,101.19999999999999,2023-08-27 15:30:52.0,8,2023-08-27 15:30:52.0,97.83553658051261,2023-08-27 15:30:52.0,586740,2023-08-27 15:30:52.0,391480.0,2023-08-27 15:30:52.0,477.5380036778163,2023-08-27 15:30:52.0,980.0,6,2023-08-27 15:30:52.0,101.19999999999999
2023-08-27 15:30:58.0,0.35215767061180553,2023-08-27 15:30:58.0,99.59999999999998,2023-08-27 15:30:58.0,8,2023-08-27 15:30:58.0,97.83853297281235,2023-08-27 15:30:58.0,587100,2023-08-27 15:30:58.0,392080.0,2023-08-27 15:30:58.0,482.55151502939134,2023-08-27 15:30:58.0,980.0000000000001,5,2023-08-27 15:30:58.0,99.6
2023-08-27 15:31:04.0,0.33486885600179395,2023-08-27 15:31:04.0,100.06666666666666,2023-08-27 15:31:04.0,8,2023-08-27 15:31:04.0,97.84213126107821,2023-08-27 15:31:04.0,587460,2023-08-27 15:31:04.0,392843.0,2023-08-27 15:31:04.0,480.08362310834855,2023-08-27 15:31:04.0,979.9999999999999,5,2023-08-27 15:31:04.0,100.06666666666665
2023-08-27 15:31:10.0,0.36100764538735614,2023-08-27 15:31:10.0,101.53333333333333,2023-08-27 15:31:10.0,8,2023-08-27 15:31:10.0,97.84468728175693,2023-08-27 15:31:10.0,587820,2023-08-27 15:31:10.0,393439.0,2023-08-27 15:31:10.0,482.2857857639895,2023-08-27 15:31:10.0,980.0,6,2023-08-27 15:31:10.0,101.53333333333333
2023-08-27 15:31:16.0,0.3313740599599099,2023-08-27 15:31:16.0,104.99999999999999,2023-08-27 15:31:16.0,8,2023-08-27 15:31:16.0,97.8471840616868,2023-08-27 15:31:16.0,589620,2023-08-27 15:31:16.0,393973.0,2023-08-27 15:31:16.0,483.24139819897204,2023-08-27 15:31:16.0,980.0,6,2023-08-27 15:31:16.0,105.46666666666665
2023-08-27 15:31:22.0,0.35385362046121555,2023-08-27 15:31:22.0,104.46666666666667,2023-08-27 15:31:22.0,8,2023-08-27 15:31:22.0,97.84976464209267,2023-08-27 15:31:22.0,590340,2023-08-27 15:31:22.0,394546.0,2023-08-27 15:31:22.0,489.33483827508576,2023-08-27 15:31:22.0,980.0,6,2023-08-27 15:31:22.0,104.46666666666667
2023-08-27 15:31:28.0,0.3394624472640796,2023-08-27 15:31:28.0,102.80000000000001,2023-08-27 15:31:28.0,8,2023-08-27 15:31:28.0,97.85279512277553,2023-08-27 15:31:28.0,590700,2023-08-27 15:31:28.0,395194.0,2023-08-27 15:31:28.0,485.97902082409024,2023-08-27 15:31:28.0,980.0,6,2023-08-27 15:31:28.0,102.80000000000001
2023-08-27 15:31:34.0,0.3396067676815392,2023-08-27 15:31:34.0,106.46666666666665,2023-08-27 15:31:34.0,8,2023-08-27 15:31:34.0,97.85676848320968,2023-08-27 15:31:34.0,591060,2023-08-27 15:31:34.0,396025.0,2023-08-27 15:31:34.0,484.6980580449753,2023-08-27 15:31:34.0,979.9999999999999,6,2023-08-27 15:31:34.0,106.46666666666667
2023-08-27 15:31:40.0,0.3826081515669571,2023-08-27 15:31:40.0,108.59999999999998,2023-08-27 15:31:40.0,8,2023-08-27 15:31:40.0,97.8593288132162,2023-08-27 15:31:40.0,591420,2023-08-27 15:31:40.0,396621.0,2023-08-27 15:31:40.0,484.9336959487427,2023-08-27 15:31:40.0,980.0,6,2023-08-27 15:31:40.0,108.6
2023-08-27 15:31:46.0,0.37258369008653286,2023-08-27 15:31:46.0,107.06666666666666,2023-08-27 15:31:46.0,8,2023-08-27 15:31:46.0,97.86189008847278,2023-08-27 15:31:46.0,591780,2023-08-27 15:31:46.0,397220.0,2023-08-27 15:31:46.0,484.0704950709658,2023-08-27 15:31:46.0,980.0,6,2023-08-27 15:31:46.0,107.06666666666666
2023-08-27 15:31:52.0,0.35096629499101695,2023-08-27 15:31:52.0,109.73333333333333,2023-08-27 15:31:52.0,8,2023-08-27 15:31:52.0,97.86447683094053,2023-08-27 15:31:52.0,592500,2023-08-27 15:31:52.0,397792.0,2023-08-27 15:31:52.0,486.21514848181727,2023-08-27 15:31:52.0,980.0,6,2023-08-27 15:31:52.0,109.73333333333333
2023-08-27 15:31:58.0,0.35051426638460403,2023-08-27 15:31:58.0,109.6,2023-08-27 15:31:58.0,8,2023-08-27 15:31:58.0,97.86776379367201,2023-08-27 15:31:58.0,592860,2023-08-27 15:31:58.0,398457.0,2023-08-27 15:31:58.0,482.79178375836483,2023-08-27 15:31:58.0,980.0,6,2023-08-27 15:31:58.0,109.6
2023-08-27 15:32:04.0,0.3483443485326546,2023-08-27 15:32:04.0,104.79999999999998,2023-08-27 15:32:04.0,8,2023-08-27 15:32:04.0,97.8712508880713,2023-08-27 15:32:04.0,593220,2023-08-27 15:32:04.0,399234.0,2023-08-27 15:32:04.0,480.7338067875073,2023-08-27 15:32:04.0,980.0,6,2023-08-27 15:32:04.0,104.79999999999998
2023-08-27 15:32:10.0,0.3752201697305065,2023-08-27 15:32:10.0,103.86666666666666,2023-08-27 15:32:10.0,8,2023-08-27 15:32:10.0,97.87372563167341,2023-08-27 15:32:10.0,593580,2023-08-27 15:32:10.0,399825.0,2023-08-27 15:32:10.0,471.04823779335055,2023-08-27 15:32:10.0,980.0,6,2023-08-27 15:32:10.0,103.86666666666666
2023-08-27 15:32:16.0,0.3422005012184155,2023-08-27 15:32:16.0,103.66666666666667,2023-08-27 15:32:16.0,8,2023-08-27 15:32:16.0,97.87614288855883,2023-08-27 15:32:16.0,595380,2023-08-27 15:32:16.0,400373.0,2023-08-27 15:32:16.0,471.89760239656573,2023-08-27 15:32:16.0,980.0,6,2023-08-27 15:32:16.0,103.66666666666667
2023-08-27 15:32:22.0,0.36135553226041806,2023-08-27 15:32:22.0,102.93333333333332,2023-08-27 15:32:22.0,8,2023-08-27 15:32:22.0,97.87854854081782,2023-08-27 15:32:22.0,596100,2023-08-27 15:32:22.0,400900.0,2023-08-27 15:32:22.0,480.8676041728834,2023-08-27 15:32:22.0,980.6302250803859,6,2023-08-27 15:32:22.0,102.93333333333332
2023-08-27 15:32:28.0,0.3723612158096302,2023-08-27 15:32:28.0,104.0,2023-08-27 15:32:28.0,8,2023-08-27 15:32:28.0,97.88165724486456,2023-08-27 15:32:28.0,596460,2023-08-27 15:32:28.0,401574.0,2023-08-27 15:32:28.0,485.6879754315323,2023-08-27 15:32:28.0,980.6214331008243,6,2023-08-27 15:32:28.0,104.6
2023-08-27 15:32:34.0,0.3473810035561132,2023-08-27 15:32:34.0,103.6,2023-08-27 15:32:34.0,8,2023-08-27 15:32:34.0,97.8851569570469,2023-08-27 15:32:34.0,596820,2023-08-27 15:32:34.0,402327.0,2023-08-27 15:32:34.0,482.58370329674705,2023-08-27 15:32:34.0,980.0,6,2023-08-27 15:32:34.0,103.60000000000001
2023-08-27 15:32:40.0,0.3462040662299566,2023-08-27 15:32:40.0,98.73333333333333,2023-08-27 15:32:40.0,8,2023-08-27 15:32:40.0,97.88727156600143,2023-08-27 15:32:40.0,597180,2023-08-27 15:32:40.0,402846.0,2023-08-27 15:32:40.0,480.007206407844,2023-08-27 15:32:40.0,980.0,5,2023-08-27 15:32:40.0,98.73333333333333
2023-08-27 15:32:46.0,0.34171371044424276,2023-08-27 15:32:46.0,97.6,2023-08-27 15:32:46.0,8,2023-08-27 15:32:46.0,97.88966769965121,2023-08-27 15:32:46.0,597540,2023-08-27 15:32:46.0,403417.0,2023-08-27 15:32:46.0,475.01755264672545,2023-08-27 15:32:46.0,980.0,5,2023-08-27 15:32:46.0,97.59999999999997
2023-08-27 15:32:52.0,0.3585573427647307,2023-08-27 15:32:52.0,97.39999999999999,2023-08-27 15:32:52.0,8,2023-08-27 15:32:52.0,97.8918357717814,2023-08-27 15:32:52.0,598260,2023-08-27 15:32:52.0,403895.0,2023-08-27 15:32:52.0,476.1084310502249,2023-08-27 15:32:52.0,980.0000000000001,5,2023-08-27 15:32:52.0,97.39999999999999
2023-08-27 15:32:58.0,0.35384295066955046,2023-08-27 15:32:58.0,95.06666666666666,2023-08-27 15:32:58.0,8,2023-08-27 15:32:58.0,97.89534320485834,2023-08-27 15:32:58.0,598620,2023-08-27 15:32:58.0,404588.0,2023-08-27 15:32:58.0,480.05450748339575,2023-08-27 15:32:58.0,980.0000000000001,5,2023-08-27 15:32:58.0,95.06666666666666
2023-08-27 15:33:04.0,0.32472406268915277,2023-08-27 15:33:04.0,94.33333333333334,2023-08-27 15:33:04.0,8,2023-08-27 15:33:04.0,97.89776593471674,2023-08-27 15:33:04.0,598980,2023-08-27 15:33:04.0,405193.0,2023-08-27 15:33:04.0,485.05009615135265,2023-08-27 15:33:04.0,980.0,5,2023-08-27 15:33:04.0,94.33333333333334
2023-08-27 15:33:10.0,0.3328203427064259,2023-08-27 15:33:10.0,95.4,2023-08-27 15:33:10.0,8,2023-08-27 15:33:10.0,97.90008462788973,2023-08-27 15:33:10.0,599340,2023-08-27 15:33:10.0,405740.0,2023-08-27 15:33:10.0,480.74686017914945,2023-08-27 15:33:10.0,980.0,5,2023-08-27 15:33:10.0,95.39999999999999
2023-08-27 15:33:16.0,0.3112373249045465,2023-08-27 15:33:16.0,95.2,2023-08-27 15:33:16.0,8,2023-08-27 15:33:16.0,97.902169914035,2023-08-27 15:33:16.0,601140,2023-08-27 15:33:16.0,406252.0,2023-08-27 15:33:16.0,479.8765493545902,2023-08-27 15:33:16.0,979.9999999999999,5,2023-08-27 15:33:16.0,95.2
2023-08-27 15:33:22.0,0.3230741256918989,2023-08-27 15:33:22.0,90.73333333333332,2023-08-27 15:33:22.0,8,2023-08-27 15:33:22.0,97.90474741679553,2023-08-27 15:33:22.0,601860,2023-08-27 15:33:22.0,406757.0,2023-08-27 15:33:22.0,474.6232901511641,2023-08-27 15:33:22.0,980.0,5,2023-08-27 15:33:22.0,90.73333333333332
2023-08-27 15:33:28.0,0.3330728452391527,2023-08-27 15:33:28.0,95.13333333333333,2023-08-27 15:33:28.0,8,2023-08-27 15:33:28.0,97.90780649983499,2023-08-27 15:33:28.0,602220,2023-08-27 15:33:28.0,407432.0,2023-08-27 15:33:28.0,477.1883232288546,2023-08-27 15:33:28.0,980.0,5,2023-08-27 15:33:28.0,95.13333333333333
2023-08-27 15:33:34.0,0.312914103614442,2023-08-27 15:33:34.0,96.86666666666667,2023-08-27 15:33:34.0,8,2023-08-27 15:33:34.0,97.91020865819452,2023-08-27 15:33:34.0,602580,2023-08-27 15:33:34.0,408041.0,2023-08-27 15:33:34.0,478.0633651406208,2023-08-27 15:33:34.0,980.0,5,2023-08-27 15:33:34.0,96.86666666666667
2023-08-27 15:33:40.0,0.32976527908936787,2023-08-27 15:33:40.0,97.86666666666667,2023-08-27 15:33:40.0,8,2023-08-27 15:33:40.0,97.91254725627196,2023-08-27 15:33:40.0,602940,2023-08-27 15:33:40.0,408601.0,2023-08-27 15:33:40.0,475.03121833155683,2023-08-27 15:33:40.0,980.0,5,2023-08-27 15:33:40.0,97.86666666666667
2023-08-27 15:33:46.0,0.3007651589705137,2023-08-27 15:33:46.0,98.8,2023-08-27 15:33:46.0,8,2023-08-27 15:33:46.0,97.9146968945827,2023-08-27 15:33:46.0,603300,2023-08-27 15:33:46.0,409146.0,2023-08-27 15:33:46.0,476.697593962272,2023-08-27 15:33:46.0,980.0,5,2023-08-27 15:33:46.0,98.8
2023-08-27 15:33:52.0,0.31239500577121687,2023-08-27 15:33:52.0,94.46906714676268,2023-08-27 15:33:52.0,8,2023-08-27 15:33:52.0,97.9173958610513,2023-08-27 15:33:52.0,604020,2023-08-27 15:33:52.0,409671.0,2023-08-27 15:33:52.0,474.28762971397913,2023-08-27 15:33:52.0,980.0,5,2023-08-27 15:33:52.0,94.46906714676268
2023-08-27 15:33:58.0,0.33491959366716445,2023-08-27 15:33:58.0,93.73333333333333,2023-08-27 15:33:58.0,8,2023-08-27 15:33:58.0,97.92033771392478,2023-08-27 15:33:58.0,604380,2023-08-27 15:33:58.0,410327.0,2023-08-27 15:33:58.0,479.8171405085366,2023-08-27 15:33:58.0,979.9999999999999,5,2023-08-27 15:33:58.0,93.73333333333333
2023-08-27 15:34:04.0,0.31948217271425866,2023-08-27 15:34:04.0,98.53333333333333,2023-08-27 15:34:04.0,8,2023-08-27 15:34:04.0,97.92294241220831,2023-08-27 15:34:04.0,604740,2023-08-27 15:34:04.0,410985.0,2023-08-27 15:34:04.0,485.80937019087366,2023-08-27 15:34:04.0,980.0,5,2023-08-27 15:34:04.0,98.53333333333333
2023-08-27 15:34:10.0,0.33309615039806495,2023-08-27 15:34:10.0,102.53333333333333,2023-08-27 15:34:10.0,8,2023-08-27 15:34:10.0,97.92529580626392,2023-08-27 15:34:10.0,605100,2023-08-27 15:34:10.0,411567.0,2023-08-27 15:34:10.0,480.35414826225207,2023-08-27 15:34:10.0,980.0,6,2023-08-27 15:34:10.0,102.53333333333333
2023-08-27 15:34:16.0,0.3130732333668629,2023-08-27 15:34:16.0,102.13333333333331,2023-08-27 15:34:16.0,8,2023-08-27 15:34:16.0,97.92751678585326,2023-08-27 15:34:16.0,606900,2023-08-27 15:34:16.0,412127.0,2023-08-27 15:34:16.0,479.1428940498568,2023-08-27 15:34:16.0,980.0,6,2023-08-27 15:34:16.0,102.13333333333331
2023-08-27 15:34:22.0,0.32831867256919967,2023-08-27 15:34:22.0,101.93333333333334,2023-08-27 15:34:22.0,8,2023-08-27 15:34:22.0,97.93039718757986,2023-08-27 15:34:22.0,607620,2023-08-27 15:34:22.0,412701.0,2023-08-27 15:34:22.0,481.69138791697645,2023-08-27 15:34:22.0,980.0,6,2023-08-27 15:34:22.0,101.93333333333334
2023-08-27 15:34:28.0,0.3269190291612978,2023-08-27 15:34:28.0,102.8,2023-08-27 15:34:28.0,8,2023-08-27 15:34:28.0,97.93355892840798,2023-08-27 15:34:28.0,607980,2023-08-27 15:34:28.0,413419.0,2023-08-27 15:34:28.0,492.441863012938,2023-08-27 15:34:28.0,980.0,6,2023-08-27 15:34:28.0,102.8
2023-08-27 15:34:34.0,0.33740337960415495,2023-08-27 15:34:34.0,102.66666666666666,2023-08-27 15:34:34.0,8,2023-08-27 15:34:34.0,97.935996780917,2023-08-27 15:34:34.0,608340,2023-08-27 15:34:34.0,414053.0,2023-08-27 15:34:34.0,484.09045449349077,2023-08-27 15:34:34.0,980.0,6,2023-08-27 15:34:34.0,102.66666666666666
2023-08-27 15:34:40.0,0.35012778208538997,2023-08-27 15:34:40.0,98.6,2023-08-27 15:34:40.0,8,2023-08-27 15:34:40.0,97.93802102067842,2023-08-27 15:34:40.0,608700,2023-08-27 15:34:40.0,414554.0,2023-08-27 15:34:40.0,482.47534716674886,2023-08-27 15:34:40.0,980.0,5,2023-08-27 15:34:40.0,98.6
2023-08-27 15:34:46.0,0.3216231760331801,2023-08-27 15:34:46.0,95.26666666666667,2023-08-27 15:34:46.0,8,2023-08-27 15:34:46.0,97.94014799627875,2023-08-27 15:34:46.0,609060,2023-08-27 15:34:46.0,415097.0,2023-08-27 15:34:46.0,484.7438834286786,2023-08-27 15:34:46.0,980.0,5,2023-08-27 15:34:46.0,95.26666666666667
2023-08-27 15:34:52.0,0.34332505850531503,2023-08-27 15:34:52.0,93.06666666666666,2023-08-27 15:34:52.0,8,2023-08-27 15:34:52.0,97.94277617737158,2023-08-27 15:34:52.0,609780,2023-08-27 15:34:52.0,415635.0,2023-08-27 15:34:52.0,483.35746717690387,2023-08-27 15:34:52.0,980.0,5,2023-08-27 15:34:52.0,93.06666666666666
2023-08-27 15:34:58.0,0.3521289580165891,2023-08-27 15:34:58.0,96.6,2023-08-27 15:34:58.0,8,2023-08-27 15:34:58.0,97.94572477630726,2023-08-27 15:34:58.0,610140,2023-08-27 15:34:58.0,416306.0,2023-08-27 15:34:58.0,479.5764233678157,2023-08-27 15:34:58.0,980.0,5,2023-08-27 15:34:58.0,96.6
2023-08-27 15:35:04.0,0.36033273424200085,2023-08-27 15:35:04.0,98.13333333333333,2023-08-27 15:35:04.0,8,2023-08-27 15:35:04.0,97.94807509225625,2023-08-27 15:35:04.0,610500,2023-08-27 15:35:04.0,416932.0,2023-08-27 15:35:04.0,478.54946120163373,2023-08-27 15:35:04.0,980.0,5,2023-08-27 15:35:04.0,98.13333333333333
2023-08-27 15:35:10.0,0.35049725806040155,2023-08-27 15:35:10.0,100.66666666666666,2023-08-27 15:35:10.0,8,2023-08-27 15:35:10.0,97.9504266097238,2023-08-27 15:35:10.0,610860,2023-08-27 15:35:10.0,417513.0,2023-08-27 15:35:10.0,478.10091590243746,2023-08-27 15:35:10.0,980.0,6,2023-08-27 15:35:10.0,100.66666666666666
2023-08-27 15:35:16.0,0.3117947696700582,2023-08-27 15:35:16.0,100.8,2023-08-27 15:35:16.0,8,2023-08-27 15:35:16.0,97.95256159892301,2023-08-27 15:35:16.0,613020,2023-08-27 15:35:16.0,418054.0,2023-08-27 15:35:16.0,480.93696726574643,2023-08-27 15:35:16.0,980.0,6,2023-08-27 15:35:16.0,100.8
2023-08-27 15:35:22.0,0.3311108281813728,2023-08-27 15:35:22.0,101.66666666666667,2023-08-27 15:35:22.0,8,2023-08-27 15:35:22.0,97.95535448536407,2023-08-27 15:35:22.0,613380,2023-08-27 15:35:22.0,418648.0,2023-08-27 15:35:22.0,482.84228064414634,2023-08-27 15:35:22.0,980.0000000000001,6,2023-08-27 15:35:22.0,101.66666666666667
2023-08-27 15:35:28.0,0.33693374967965145,2023-08-27 15:35:28.0,100.26666666666667,2023-08-27 15:35:28.0,8,2023-08-27 15:35:28.0,97.95833983955144,2023-08-27 15:35:28.0,613740,2023-08-27 15:35:28.0,419386.0,2023-08-27 15:35:28.0,480.3747195275084,2023-08-27 15:35:28.0,980.0,5,2023-08-27 15:35:28.0,100.26666666666667
2023-08-27 15:35:34.0,0.3164559009856763,2023-08-27 15:35:34.0,99.26666666666665,2023-08-27 15:35:34.0,8,2023-08-27 15:35:34.0,97.96064670811099,2023-08-27 15:35:34.0,614100,2023-08-27 15:35:34.0,419943.0,2023-08-27 15:35:34.0,476.6503171098649,2023-08-27 15:35:34.0,980.0,5,2023-08-27 15:35:34.0,99.26666666666665
2023-08-27 15:35:40.0,0.3212638940517711,2023-08-27 15:35:40.0,102.6,2023-08-27 15:35:40.0,8,2023-08-27 15:35:40.0,97.96295783301187,2023-08-27 15:35:40.0,614460,2023-08-27 15:35:40.0,420547.0,2023-08-27 15:35:40.0,477.3108826149108,2023-08-27 15:35:40.0,980.0,6,2023-08-27 15:35:40.0,102.6
2023-08-27 15:35:46.0,0.31502856614523816,2023-08-27 15:35:46.0,101.39999999999999,2023-08-27 15:35:46.0,8,2023-08-27 15:35:46.0,97.96517500738088,2023-08-27 15:35:46.0,615180,2023-08-27 15:35:46.0,421108.0,2023-08-27 15:35:46.0,478.37917899739085,2023-08-27 15:35:46.0,980.0,6,2023-08-27 15:35:46.0,101.39999999999999
2023-08-27 15:35:52.0,0.3402850083388054,2023-08-27 15:35:52.0,101.13333333333333,2023-08-27 15:35:52.0,8,2023-08-27 15:35:52.0,97.96776641172843,2023-08-27 15:35:52.0,615540,2023-08-27 15:35:52.0,421654.0,2023-08-27 15:35:52.0,483.43637849635377,2023-08-27 15:35:52.0,980.0,6,2023-08-27 15:35:52.0,101.13333333333333
2023-08-27 15:35:58.0,0.3420660687530349,2023-08-27 15:35:58.0,98.73333333333333,2023-08-27 15:35:58.0,8,2023-08-27 15:35:58.0,97.97085855652323,2023-08-27 15:35:58.0,615900,2023-08-27 15:35:58.0,422428.0,2023-08-27 15:35:58.0,473.19905432675773,2023-08-27 15:35:58.0,980.0,5,2023-08-27 15:35:58.0,98.73333333333333
2023-08-27 15:36:04.0,0.32595239992169106,2023-08-27 15:36:04.0,102.53333333333332,2023-08-27 15:36:04.0,8,2023-08-27 15:36:04.0,97.9731825516584,2023-08-27 15:36:04.0,616260,2023-08-27 15:36:04.0,423001.0,2023-08-27 15:36:04.0,473.28960897922195,2023-08-27 15:36:04.0,980.0000000000001,6,2023-08-27 15:36:04.0,102.53333333333332
2023-08-27 15:36:11.0,0.3578796350988433,2023-08-27 15:36:11.0,101.86666666666667,2023-08-27 15:36:11.0,8,2023-08-27 15:36:11.0,97.97538826994219,2023-08-27 15:36:11.0,616620,2023-08-27 15:36:11.0,423572.0,2023-08-27 15:36:11.0,475.92032278210763,2023-08-27 15:36:11.0,980.0,6,2023-08-27 15:36:11.0,101.86666666666667
2023-08-27 15:36:17.0,0.34564722111868207,2023-08-27 15:36:17.0,101.6,2023-08-27 15:36:17.0,8,2023-08-27 15:36:17.0,97.97756139426575,2023-08-27 15:36:17.0,618780,2023-08-27 15:36:17.0,424142.0,2023-08-27 15:36:17.0,481.39974115704166,2023-08-27 15:36:17.0,979.9999999999999,6,2023-08-27 15:36:17.0,101.6
2023-08-27 15:36:23.0,0.36535852082227993,2023-08-27 15:36:23.0,104.0,2023-08-27 15:36:23.0,8,2023-08-27 15:36:23.0,97.98036582803095,2023-08-27 15:36:23.0,619140,2023-08-27 15:36:23.0,424743.0,2023-08-27 15:36:23.0,481.04980691429864,2023-08-27 15:36:23.0,980.0,6,2023-08-27 15:36:23.0,104.0
2023-08-27 15:36:29.0,0.3556045224957425,2023-08-27 15:36:29.0,106.26666666666665,2023-08-27 15:36:29.0,8,2023-08-27 15:36:29.0,97.98354858407141,2023-08-27 15:36:29.0,619500,2023-08-27 15:36:29.0,425547.0,2023-08-27 15:36:29.0,485.7000179135076,2023-08-27 15:36:29.0,980.0,6,2023-08-27 15:36:29.0,106.26666666666665
2023-08-27 15:36:35.0,0.35182669558309265,2023-08-27 15:36:35.0,105.6,2023-08-27 15:36:35.0,8,2023-08-27 15:36:35.0,97.98591650087222,2023-08-27 15:36:35.0,619860,2023-08-27 15:36:35.0,426144.0,2023-08-27 15:36:35.0,485.2201427519538,2023-08-27 15:36:35.0,980.0000000000001,6,2023-08-27 15:36:35.0,105.6
2023-08-27 15:36:41.0,0.3566298086303401,2023-08-27 15:36:41.0,107.19999999999999,2023-08-27 15:36:41.0,8,2023-08-27 15:36:41.0,97.98817119980944,2023-08-27 15:36:41.0,620220,2023-08-27 15:36:41.0,426732.0,2023-08-27 15:36:41.0,477.2687104452562,2023-08-27 15:36:41.0,980.0,6,2023-08-27 15:36:41.0,107.19999999999999
2023-08-27 15:36:47.0,0.34916291585777215,2023-08-27 15:36:47.0,105.39999999999999,2023-08-27 15:36:47.0,8,2023-08-27 15:36:47.0,97.9903874354563,2023-08-27 15:36:47.0,620940,2023-08-27 15:36:47.0,427324.0,2023-08-27 15:36:47.0,474.5023038381889,2023-08-27 15:36:47.0,980.0,6,2023-08-27 15:36:47.0,105.4
2023-08-27 15:36:53.0,0.3465122087858739,2023-08-27 15:36:53.0,102.06666666666666,2023-08-27 15:36:53.0,8,2023-08-27 15:36:53.0,97.99307351941914,2023-08-27 15:36:53.0,621300,2023-08-27 15:36:53.0,427881.0,2023-08-27 15:36:53.0,473.10692748686154,2023-08-27 15:36:53.0,980.0,6,2023-08-27 15:36:53.0,102.06666666666666
2023-08-27 15:36:59.0,0.35496302445185945,2023-08-27 15:36:59.0,101.19999999999999,2023-08-27 15:36:59.0,8,2023-08-27 15:36:59.0,97.99598468028191,2023-08-27 15:36:59.0,621660,2023-08-27 15:36:59.0,428640.0,2023-08-27 15:36:59.0,469.6982445425911,2023-08-27 15:36:59.0,980.0,6,2023-08-27 15:36:59.0,101.19999999999999
2023-08-27 15:37:05.0,0.35705771890361937,2023-08-27 15:37:05.0,101.19999999999999,2023-08-27 15:37:05.0,8,2023-08-27 15:37:05.0,97.99832351589029,2023-08-27 15:37:05.0,622020,2023-08-27 15:37:05.0,429231.0,2023-08-27 15:37:05.0,470.3272397501418,2023-08-27 15:37:05.0,980.0,6,2023-08-27 15:37:05.0,101.46666666666665
2023-08-27 15:37:11.0,0.34697749565199587,2023-08-27 15:37:11.0,103.19999999999999,2023-08-27 15:37:11.0,8,2023-08-27 15:37:11.0,98.0004156426241,2023-08-27 15:37:11.0,622380,2023-08-27 15:37:11.0,429802.0,2023-08-27 15:37:11.0,473.08060741896503,2023-08-27 15:37:11.0,980.0,6,2023-08-27 15:37:11.0,103.19999999999999
2023-08-27 15:37:17.0,0.28571766143096156,2023-08-27 15:37:17.0,103.99999999999999,2023-08-27 15:37:17.0,8,2023-08-27 15:37:17.0,98.00260814263955,2023-08-27 15:37:17.0,624540,2023-08-27 15:37:17.0,430387.0,2023-08-27 15:37:17.0,476.66773530923774,2023-08-27 15:37:17.0,980.0,6,2023-08-27 15:37:17.0,103.99999999999999
2023-08-27 15:37:23.0,0.3474053140445152,2023-08-27 15:37:23.0,99.66666666666666,2023-08-27 15:37:23.0,8,2023-08-27 15:37:23.0,98.00517981996168,2023-08-27 15:37:23.0,624900,2023-08-27 15:37:23.0,430931.0,2023-08-27 15:37:23.0,481.09741679996955,2023-08-27 15:37:23.0,980.0,5,2023-08-27 15:37:23.0,99.66666666666666
2023-08-27 15:37:29.0,0.36192044846519617,2023-08-27 15:37:29.0,102.06666666666666,2023-08-27 15:37:29.0,8,2023-08-27 15:37:29.0,98.00837201399784,2023-08-27 15:37:29.0,625260,2023-08-27 15:37:29.0,431787.0,2023-08-27 15:37:29.0,481.24494117584044,2023-08-27 15:37:29.0,980.0,6,2023-08-27 15:37:29.0,102.06666666666666
2023-08-27 15:37:35.0,0.3541900745800447,2023-08-27 15:37:35.0,106.99999999999999,2023-08-27 15:37:35.0,8,2023-08-27 15:37:35.0,98.01067913954573,2023-08-27 15:37:35.0,625620,2023-08-27 15:37:35.0,432403.0,2023-08-27 15:37:35.0,480.4823440068345,2023-08-27 15:37:35.0,980.0,6,2023-08-27 15:37:35.0,106.99999999999999
2023-08-27 15:37:41.0,0.352651222987847,2023-08-27 15:37:41.0,107.99999999999999,2023-08-27 15:37:41.0,8,2023-08-27 15:37:41.0,98.01285390862272,2023-08-27 15:37:41.0,625980,2023-08-27 15:37:41.0,432944.0,2023-08-27 15:37:41.0,482.7915548299521,2023-08-27 15:37:41.0,980.0,6,2023-08-27 15:37:41.0,107.99999999999999
2023-08-27 15:37:47.0,0.35180118365283986,2023-08-27 15:37:47.0,107.39999999999999,2023-08-27 15:37:47.0,8,2023-08-27 15:37:47.0,98.01503312358165,2023-08-27 15:37:47.0,626700,2023-08-27 15:37:47.0,433536.0,2023-08-27 15:37:47.0,481.05577317102893,2023-08-27 15:37:47.0,980.0,6,2023-08-27 15:37:47.0,107.39999999999999
2023-08-27 15:37:53.0,0.3469234015149947,2023-08-27 15:37:53.0,106.8,2023-08-27 15:37:53.0,8,2023-08-27 15:37:53.0,98.01781224874033,2023-08-27 15:37:53.0,627060,2023-08-27 15:37:53.0,434152.0,2023-08-27 15:37:53.0,476.45009111909434,2023-08-27 15:37:53.0,980.0,6,2023-08-27 15:37:53.0,106.8
2023-08-27 15:37:59.0,0.340815721888124,2023-08-27 15:37:59.0,108.53333333333333,2023-08-27 15:37:59.0,8,2023-08-27 15:37:59.0,98.02105320125148,2023-08-27 15:37:59.0,627420,2023-08-27 15:37:59.0,435025.0,2023-08-27 15:37:59.0,476.00315555821373,2023-08-27 15:37:59.0,980.0,6,2023-08-27 15:37:59.0,108.53333333333333
2023-08-27 15:38:05.0,0.3308554211859423,2023-08-27 15:38:05.0,107.66666666666664,2023-08-27 15:38:05.0,8,2023-08-27 15:38:05.0,98.02317207581066,2023-08-27 15:38:05.0,627780,2023-08-27 15:38:05.0,435609.0,2023-08-27 15:38:05.0,474.32002731176783,2023-08-27 15:38:05.0,980.0,6,2023-08-27 15:38:05.0,107.66666666666664
2023-08-27 15:38:11.0,0.35785383655144776,2023-08-27 15:38:11.0,102.26666666666667,2023-08-27 15:38:11.0,8,2023-08-27 15:38:11.0,98.02516463845706,2023-08-27 15:38:11.0,628140,2023-08-27 15:38:11.0,436104.0,2023-08-27 15:38:11.0,472.2080280326849,2023-08-27 15:38:11.0,980.0,6,2023-08-27 15:38:11.0,102.26666666666667
2023-08-27 15:38:17.0,0.3323190391832607,2023-08-27 15:38:17.0,102.6,2023-08-27 15:38:17.0,8,2023-08-27 15:38:17.0,98.0272663495545,2023-08-27 15:38:17.0,630300,2023-08-27 15:38:17.0,436681.0,2023-08-27 15:38:17.0,476.1181293448511,2023-08-27 15:38:17.0,980.0,6,2023-08-27 15:38:17.0,102.6
2023-08-27 15:38:23.0,0.3631358255012221,2023-08-27 15:38:23.0,102.6,2023-08-27 15:38:23.0,8,2023-08-27 15:38:23.0,98.02989658917274,2023-08-27 15:38:23.0,630660,2023-08-27 15:38:23.0,437266.0,2023-08-27 15:38:23.0,480.4858855230209,2023-08-27 15:38:23.0,980.0,6,2023-08-27 15:38:23.0,102.6
2023-08-27 15:38:29.0,0.3370716331931177,2023-08-27 15:38:29.0,105.2,2023-08-27 15:38:29.0,8,2023-08-27 15:38:29.0,98.03301351929012,2023-08-27 15:38:29.0,631020,2023-08-27 15:38:29.0,438138.0,2023-08-27 15:38:29.0,484.1379498576811,2023-08-27 15:38:29.0,980.0000000000001,6,2023-08-27 15:38:29.0,105.2
2023-08-27 15:38:35.0,0.33940127936869496,2023-08-27 15:38:35.0,108.33333333333331,2023-08-27 15:38:35.0,8,2023-08-27 15:38:35.0,98.03532982738899,2023-08-27 15:38:35.0,631380,2023-08-27 15:38:35.0,438752.0,2023-08-27 15:38:35.0,486.5534564842896,2023-08-27 15:38:35.0,979.9999999999999,6,2023-08-27 15:38:35.0,108.33333333333331
2023-08-27 15:38:41.0,0.36108964023278445,2023-08-27 15:38:41.0,109.26666666666667,2023-08-27 15:38:41.0,8,2023-08-27 15:38:41.0,98.03748252806585,2023-08-27 15:38:41.0,631740,2023-08-27 15:38:41.0,439299.0,2023-08-27 15:38:41.0,481.38566899698185,2023-08-27 15:38:41.0,980.0,6,2023-08-27 15:38:41.0,109.26666666666667
2023-08-27 15:38:47.0,0.3524744919751715,2023-08-27 15:38:47.0,108.66666666666666,2023-08-27 15:38:47.0,8,2023-08-27 15:38:47.0,98.03963587197273,2023-08-27 15:38:47.0,632460,2023-08-27 15:38:47.0,439901.0,2023-08-27 15:38:47.0,479.2485690868903,2023-08-27 15:38:47.0,980.0,6,2023-08-27 15:38:47.0,108.66666666666666
2023-08-27 15:38:53.0,0.35045538617296185,2023-08-27 15:38:53.0,106.0,2023-08-27 15:38:53.0,8,2023-08-27 15:38:53.0,98.04230805433541,2023-08-27 15:38:53.0,632820,2023-08-27 15:38:53.0,440543.0,2023-08-27 15:38:53.0,480.10658882005936,2023-08-27 15:38:53.0,980.0,6,2023-08-27 15:38:53.0,106.0
2023-08-27 15:38:59.0,0.3596040481979543,2023-08-27 15:38:59.0,100.8,2023-08-27 15:38:59.0,8,2023-08-27 15:38:59.0,98.0450879485636,2023-08-27 15:38:59.0,633180,2023-08-27 15:38:59.0,441278.0,2023-08-27 15:38:59.0,478.74999996901755,2023-08-27 15:38:59.0,980.0,6,2023-08-27 15:38:59.0,100.8
2023-08-27 15:39:05.0,0.359467698184682,2023-08-27 15:39:05.0,102.13333333333333,2023-08-27 15:39:05.0,8,2023-08-27 15:39:05.0,98.04718988542982,2023-08-27 15:39:05.0,633540,2023-08-27 15:39:05.0,441871.0,2023-08-27 15:39:05.0,480.16038178800034,2023-08-27 15:39:05.0,980.0,6,2023-08-27 15:39:05.0,102.13333333333333
2023-08-27 15:39:11.0,0.35370580474621066,2023-08-27 15:39:11.0,103.06666666666666,2023-08-27 15:39:11.0,8,2023-08-27 15:39:11.0,98.04929771974734,2023-08-27 15:39:11.0,633900,2023-08-27 15:39:11.0,442395.0,2023-08-27 15:39:11.0,477.77854243742985,2023-08-27 15:39:11.0,980.0,6,2023-08-27 15:39:11.0,103.06666666666666
2023-08-27 15:39:17.0,0.34370327374618986,2023-08-27 15:39:17.0,104.99999999999999,2023-08-27 15:39:17.0,8,2023-08-27 15:39:17.0,98.051315726484,2023-08-27 15:39:17.0,636060,2023-08-27 15:39:17.0,442976.0,2023-08-27 15:39:17.0,480.14203113405455,2023-08-27 15:39:17.0,979.9999999999999,6,2023-08-27 15:39:17.0,104.99999999999999
2023-08-27 15:39:23.0,0.34892819513194573,2023-08-27 15:39:23.0,105.0,2023-08-27 15:39:23.0,8,2023-08-27 15:39:23.0,98.0539721080222,2023-08-27 15:39:23.0,636420,2023-08-27 15:39:23.0,443636.0,2023-08-27 15:39:23.0,481.93726718018286,2023-08-27 15:39:23.0,980.0,6,2023-08-27 15:39:23.0,105.0
2023-08-27 15:39:29.0,0.32549098205223737,2023-08-27 15:39:29.0,104.4,2023-08-27 15:39:29.0,8,2023-08-27 15:39:29.0,98.05689134584492,2023-08-27 15:39:29.0,636780,2023-08-27 15:39:29.0,444402.0,2023-08-27 15:39:29.0,481.2662264001341,2023-08-27 15:39:29.0,980.0000000000001,6,2023-08-27 15:39:29.0,104.39999999999999
2023-08-27 15:39:35.0,0.33593083917095107,2023-08-27 15:39:35.0,101.73333333333333,2023-08-27 15:39:35.0,8,2023-08-27 15:39:35.0,98.05879209822177,2023-08-27 15:39:35.0,637140,2023-08-27 15:39:35.0,444946.0,2023-08-27 15:39:35.0,481.79704099934094,2023-08-27 15:39:35.0,980.0,6,2023-08-27 15:39:35.0,101.73333333333333
2023-08-27 15:39:41.0,0.35379619333747075,2023-08-27 15:39:41.0,97.86666666666666,2023-08-27 15:39:41.0,8,2023-08-27 15:39:41.0,98.06072211645966,2023-08-27 15:39:41.0,637500,2023-08-27 15:39:41.0,445447.0,2023-08-27 15:39:41.0,483.7338819692785,2023-08-27 15:39:41.0,980.0,5,2023-08-27 15:39:41.0,97.86666666666666
2023-08-27 15:39:47.0,0.3566610845912528,2023-08-27 15:39:47.0,94.2,2023-08-27 15:39:47.0,8,2023-08-27 15:39:47.0,98.06246121378379,2023-08-27 15:39:47.0,638220,2023-08-27 15:39:47.0,445938.0,2023-08-27 15:39:47.0,486.8844796041015,2023-08-27 15:39:47.0,980.0000000000001,5,2023-08-27 15:39:47.0,94.2
2023-08-27 15:39:53.0,0.31807292329487674,2023-08-27 15:39:53.0,89.0,2023-08-27 15:39:53.0,8,2023-08-27 15:39:53.0,98.06468923066939,2023-08-27 15:39:53.0,638580,2023-08-27 15:39:53.0,446490.0,2023-08-27 15:39:53.0,484.37481668072206,2023-08-27 15:39:53.0,980.0,5,2023-08-27 15:39:53.0,89.0
2023-08-27 15:39:59.0,0.3132541096893736,2023-08-27 15:39:59.0,88.99999999999999,2023-08-27 15:39:59.0,8,2023-08-27 15:39:59.0,98.06722459607195,2023-08-27 15:39:59.0,638940,2023-08-27 15:39:59.0,447168.0,2023-08-27 15:39:59.0,481.9132742329784,2023-08-27 15:39:59.0,980.0,5,2023-08-27 15:39:59.0,88.99999999999999
2023-08-27 15:40:05.0,0.3177695633842646,2023-08-27 15:40:05.0,90.13333333333333,2023-08-27 15:40:05.0,8,2023-08-27 15:40:05.0,98.06899343163947,2023-08-27 15:40:05.0,639300,2023-08-27 15:40:05.0,447684.0,2023-08-27 15:40:05.0,474.074266528776,2023-08-27 15:40:05.0,980.0,5,2023-08-27 15:40:05.0,90.13333333333333
2023-08-27 15:40:11.0,0.28537914488174626,2023-08-27 15:40:11.0,94.66666666666666,2023-08-27 15:40:11.0,8,2023-08-27 15:40:11.0,98.07096582821848,2023-08-27 15:40:11.0,639660,2023-08-27 15:40:11.0,448248.0,2023-08-27 15:40:11.0,473.46267043786884,2023-08-27 15:40:11.0,980.0,5,2023-08-27 15:40:11.0,94.66666666666666
2023-08-27 15:40:17.0,0.24945680449970292,2023-08-27 15:40:17.0,98.46666666666667,2023-08-27 15:40:17.0,8,2023-08-27 15:40:17.0,98.07285315693802,2023-08-27 15:40:17.0,641820,2023-08-27 15:40:17.0,448748.0,2023-08-27 15:40:17.0,472.89381448669235,2023-08-27 15:40:17.0,980.0,5,2023-08-27 15:40:17.0,98.46666666666667
2023-08-27 15:40:23.0,0.30050166348833846,2023-08-27 15:40:23.0,98.93333333333334,2023-08-27 15:40:23.0,8,2023-08-27 15:40:23.0,98.07526403932265,2023-08-27 15:40:23.0,642180,2023-08-27 15:40:23.0,449343.0,2023-08-27 15:40:23.0,477.64973302337097,2023-08-27 15:40:23.0,980.0,5,2023-08-27 15:40:23.0,98.93333333333334
2023-08-27 15:40:29.0,0.30173353312306544,2023-08-27 15:40:29.0,94.06666666666666,2023-08-27 15:40:29.0,8,2023-08-27 15:40:29.0,98.07780512680291,2023-08-27 15:40:29.0,642540,2023-08-27 15:40:29.0,450041.0,2023-08-27 15:40:29.0,485.4618043018051,2023-08-27 15:40:29.0,980.0,5,2023-08-27 15:40:29.0,94.06666666666666
2023-08-27 15:40:35.0,0.2843145753357393,2023-08-27 15:40:35.0,94.86666666666666,2023-08-27 15:40:35.0,8,2023-08-27 15:40:35.0,98.07975979412592,2023-08-27 15:40:35.0,642900,2023-08-27 15:40:35.0,450609.0,2023-08-27 15:40:35.0,483.7725736732923,2023-08-27 15:40:35.0,980.0,5,2023-08-27 15:40:35.0,94.86666666666666
2023-08-27 15:40:41.0,0.2924038759419823,2023-08-27 15:40:41.0,97.26666666666667,2023-08-27 15:40:41.0,8,2023-08-27 15:40:41.0,98.0815161224849,2023-08-27 15:40:41.0,643260,2023-08-27 15:40:41.0,451123.0,2023-08-27 15:40:41.0,477.87555977836706,2023-08-27 15:40:41.0,979.9999999999999,5,2023-08-27 15:40:41.0,97.26666666666667
2023-08-27 15:40:47.0,0.2802592578433008,2023-08-27 15:40:47.0,96.93333333333334,2023-08-27 15:40:47.0,8,2023-08-27 15:40:47.0,98.08338201291956,2023-08-27 15:40:47.0,643980,2023-08-27 15:40:47.0,451618.0,2023-08-27 15:40:47.0,476.3923732571628,2023-08-27 15:40:47.0,980.0,5,2023-08-27 15:40:47.0,96.93333333333334
2023-08-27 15:40:53.0,0.3221138801787248,2023-08-27 15:40:53.0,99.53333333333333,2023-08-27 15:40:53.0,8,2023-08-27 15:40:53.0,98.08590906682014,2023-08-27 15:40:53.0,644340,2023-08-27 15:40:53.0,452265.0,2023-08-27 15:40:53.0,474.4391016907876,2023-08-27 15:40:53.0,980.0,5,2023-08-27 15:40:53.0,99.53333333333333
2023-08-27 15:40:59.0,0.3093833619050479,2023-08-27 15:40:59.0,102.06666666666668,2023-08-27 15:40:59.0,8,2023-08-27 15:40:59.0,98.08877093372354,2023-08-27 15:40:59.0,644700,2023-08-27 15:40:59.0,453035.0,2023-08-27 15:40:59.0,480.13611649386195,2023-08-27 15:40:59.0,980.0,6,2023-08-27 15:40:59.0,102.06666666666668
2023-08-27 15:41:05.0,0.3111656262022884,2023-08-27 15:41:05.0,99.93333333333334,2023-08-27 15:41:05.0,8,2023-08-27 15:41:05.0,98.0905367236217,2023-08-27 15:41:05.0,645060,2023-08-27 15:41:05.0,453564.0,2023-08-27 15:41:05.0,484.3891854099728,2023-08-27 15:41:05.0,979.9999999999999,5,2023-08-27 15:41:05.0,99.93333333333334
2023-08-27 15:41:11.0,0.3271248205410058,2023-08-27 15:41:11.0,98.6,2023-08-27 15:41:11.0,8,2023-08-27 15:41:11.0,98.09237085189336,2023-08-27 15:41:11.0,645420,2023-08-27 15:41:11.0,454103.0,2023-08-27 15:41:11.0,481.7255415120989,2023-08-27 15:41:11.0,980.0,5,2023-08-27 15:41:11.0,98.6
2023-08-27 15:41:17.0,0.3082265461402393,2023-08-27 15:41:17.0,95.13333333333333,2023-08-27 15:41:17.0,8,2023-08-27 15:41:17.0,98.09422005580925,2023-08-27 15:41:17.0,647580,2023-08-27 15:41:17.0,454591.0,2023-08-27 15:41:17.0,478.3018711502383,2023-08-27 15:41:17.0,980.0,5,2023-08-27 15:41:17.0,95.13333333333333
2023-08-27 15:41:23.0,0.33317946465979836,2023-08-27 15:41:23.0,93.93333333333332,2023-08-27 15:41:23.0,8,2023-08-27 15:41:23.0,98.0970399610847,2023-08-27 15:41:23.0,647940,2023-08-27 15:41:23.0,455221.0,2023-08-27 15:41:23.0,478.5578099769442,2023-08-27 15:41:23.0,980.0,5,2023-08-27 15:41:23.0,92.79999999999998
2023-08-27 15:41:29.0,0.33436068107827066,2023-08-27 15:41:29.0,95.39999999999999,2023-08-27 15:41:29.0,8,2023-08-27 15:41:29.0,98.09907816385757,2023-08-27 15:41:29.0,648300,2023-08-27 15:41:29.0,455897.0,2023-08-27 15:41:29.0,476.8772693867404,2023-08-27 15:41:29.0,980.0,5,2023-08-27 15:41:29.0,95.4
2023-08-27 15:41:35.0,0.31746302513771013,2023-08-27 15:41:35.0,95.93333333333334,2023-08-27 15:41:35.0,8,2023-08-27 15:41:35.0,98.10087133044203,2023-08-27 15:41:35.0,648660,2023-08-27 15:41:35.0,456435.0,2023-08-27 15:41:35.0,479.83128405848623,2023-08-27 15:41:35.0,980.0000000000001,5,2023-08-27 15:41:35.0,95.93333333333334
2023-08-27 15:41:41.0,0.34519615269470705,2023-08-27 15:41:41.0,96.06666666666666,2023-08-27 15:41:41.0,8,2023-08-27 15:41:41.0,98.10263167782213,2023-08-27 15:41:41.0,649020,2023-08-27 15:41:41.0,456957.0,2023-08-27 15:41:41.0,479.5894606750014,2023-08-27 15:41:41.0,980.0,5,2023-08-27 15:41:41.0,96.06666666666666
2023-08-27 15:41:47.0,0.30826852937920224,2023-08-27 15:41:47.0,97.6,2023-08-27 15:41:47.0,8,2023-08-27 15:41:47.0,98.1044925032045,2023-08-27 15:41:47.0,649740,2023-08-27 15:41:47.0,457472.0,2023-08-27 15:41:47.0,476.67750029215864,2023-08-27 15:41:47.0,980.0,5,2023-08-27 15:41:47.0,97.0
2023-08-27 15:41:53.0,0.2895053977485088,2023-08-27 15:41:53.0,99.66666666666664,2023-08-27 15:41:53.0,8,2023-08-27 15:41:53.0,98.10757838853645,2023-08-27 15:41:53.0,650100,2023-08-27 15:41:53.0,458225.0,2023-08-27 15:41:53.0,475.9418730985585,2023-08-27 15:41:53.0,980.0,5,2023-08-27 15:41:53.0,99.66666666666664
2023-08-27 15:41:59.0,0.31921997781093264,2023-08-27 15:41:59.0,97.86666666666667,2023-08-27 15:41:59.0,8,2023-08-27 15:41:59.0,98.10946595869233,2023-08-27 15:41:59.0,650460,2023-08-27 15:41:59.0,458818.0,2023-08-27 15:41:59.0,480.01141474947946,2023-08-27 15:41:59.0,979.9999999999999,5,2023-08-27 15:41:59.0,97.86666666666667
2023-08-27 15:42:05.0,0.33817336016903854,2023-08-27 15:42:05.0,94.99999999999999,2023-08-27 15:42:05.0,8,2023-08-27 15:42:05.0,98.11120387137635,2023-08-27 15:42:05.0,650820,2023-08-27 15:42:05.0,459331.0,2023-08-27 15:42:05.0,484.26842494878275,2023-08-27 15:42:05.0,980.0,5,2023-08-27 15:42:05.0,94.99999999999999
2023-08-27 15:42:11.0,0.3376667049496705,2023-08-27 15:42:11.0,92.06666666666666,2023-08-27 15:42:11.0,8,2023-08-27 15:42:11.0,98.11287745246733,2023-08-27 15:42:11.0,651180,2023-08-27 15:42:11.0,459836.0,2023-08-27 15:42:11.0,485.7676643644008,2023-08-27 15:42:11.0,979.9999999999999,5,2023-08-27 15:42:11.0,92.06666666666666
2023-08-27 15:42:17.0,0.33508622842669666,2023-08-27 15:42:17.0,90.13333333333331,2023-08-27 15:42:17.0,8,2023-08-27 15:42:17.0,98.11502430709147,2023-08-27 15:42:17.0,653340,2023-08-27 15:42:17.0,460348.0,2023-08-27 15:42:17.0,483.2001063262222,2023-08-27 15:42:17.0,980.0,5,2023-08-27 15:42:17.0,90.13333333333331
2023-08-27 15:42:23.0,0.3438773807269007,2023-08-27 15:42:23.0,91.86666666666666,2023-08-27 15:42:23.0,8,2023-08-27 15:42:23.0,98.11743753413442,2023-08-27 15:42:23.0,653700,2023-08-27 15:42:23.0,460991.0,2023-08-27 15:42:23.0,479.5847524558443,2023-08-27 15:42:23.0,980.0,5,2023-08-27 15:42:23.0,91.86666666666666
2023-08-27 15:42:29.0,0.3159489515213685,2023-08-27 15:42:29.0,91.80000000000001,2023-08-27 15:42:29.0,8,2023-08-27 15:42:29.0,98.11927043773647,2023-08-27 15:42:29.0,654060,2023-08-27 15:42:29.0,461576.0,2023-08-27 15:42:29.0,481.3965840881556,2023-08-27 15:42:29.0,980.0,5,2023-08-27 15:42:29.0,91.80000000000001
2023-08-27 15:42:35.0,0.31280614147857266,2023-08-27 15:42:35.0,92.93333333333334,2023-08-27 15:42:35.0,8,2023-08-27 15:42:35.0,98.1209726303382,2023-08-27 15:42:35.0,654420,2023-08-27 15:42:35.0,462102.0,2023-08-27 15:42:35.0,477.0921080376167,2023-08-27 15:42:35.0,979.9999999999999,5,2023-08-27 15:42:35.0,92.93333333333334
2023-08-27 15:42:41.0,0.30982572808477715,2023-08-27 15:42:41.0,90.86666666666666,2023-08-27 15:42:41.0,8,2023-08-27 15:42:41.0,98.12261453126145,2023-08-27 15:42:41.0,654780,2023-08-27 15:42:41.0,462593.0,2023-08-27 15:42:41.0,476.04224022704153,2023-08-27 15:42:41.0,979.9999999999999,5,2023-08-27 15:42:41.0,90.86666666666666
2023-08-27 15:42:47.0,0.3099949093845652,2023-08-27 15:42:47.0,92.99999999999999,2023-08-27 15:42:47.0,8,2023-08-27 15:42:47.0,98.1247598691928,2023-08-27 15:42:47.0,655500,2023-08-27 15:42:47.0,463128.0,2023-08-27 15:42:47.0,476.59012847157715,2023-08-27 15:42:47.0,980.0,5,2023-08-27 15:42:47.0,92.99999999999999
2023-08-27 15:42:53.0,0.29749025739099033,2023-08-27 15:42:53.0,95.46666666666667,2023-08-27 15:42:53.0,8,2023-08-27 15:42:53.0,98.12723901334938,2023-08-27 15:42:53.0,655860,2023-08-27 15:42:53.0,463804.0,2023-08-27 15:42:53.0,481.01307622448826,2023-08-27 15:42:53.0,980.0,5,2023-08-27 15:42:53.0,95.46666666666667
2023-08-27 15:42:59.0,0.2979939457311182,2023-08-27 15:42:59.0,101.73333333333332,2023-08-27 15:42:59.0,8,2023-08-27 15:42:59.0,98.1293660406939,2023-08-27 15:42:59.0,656220,2023-08-27 15:42:59.0,464477.0,2023-08-27 15:42:59.0,487.9098443909295,2023-08-27 15:42:59.0,979.9999999999999,6,2023-08-27 15:42:59.0,101.73333333333332
2023-08-27 15:43:05.0,0.32290179476759495,2023-08-27 15:43:05.0,106.13333333333333,2023-08-27 15:43:05.0,8,2023-08-27 15:43:05.0,98.13139001508173,2023-08-27 15:43:05.0,656580,2023-08-27 15:43:05.0,465077.0,2023-08-27 15:43:05.0,491.50038819427436,2023-08-27 15:43:05.0,979.9999999999999,6,2023-08-27 15:43:05.0,106.13333333333331
2023-08-27 15:43:11.0,0.2941226480727096,2023-08-27 15:43:11.0,103.73333333333332,2023-08-27 15:43:11.0,8,2023-08-27 15:43:11.0,98.13314844302285,2023-08-27 15:43:11.0,656940,2023-08-27 15:43:11.0,465642.0,2023-08-27 15:43:11.0,488.01564252319434,2023-08-27 15:43:11.0,980.0,6,2023-08-27 15:43:11.0,103.73333333333332
2023-08-27 15:43:17.0,0.3205114401984404,2023-08-27 15:43:17.0,99.66666666666667,2023-08-27 15:43:17.0,8,2023-08-27 15:43:17.0,98.13535728505946,2023-08-27 15:43:17.0,659100,2023-08-27 15:43:17.0,466178.0,2023-08-27 15:43:17.0,486.2433898989697,2023-08-27 15:43:17.0,980.0,5,2023-08-27 15:43:17.0,99.66666666666667
2023-08-27 15:43:23.0,0.3483927999432762,2023-08-27 15:43:23.0,95.6,2023-08-27 15:43:23.0,8,2023-08-27 15:43:23.0,98.13782261932631,2023-08-27 15:43:23.0,659460,2023-08-27 15:43:23.0,466843.0,2023-08-27 15:43:23.0,483.1248219175732,2023-08-27 15:43:23.0,979.9999999999999,5,2023-08-27 15:43:23.0,95.6
2023-08-27 15:43:29.0,0.34194466510378724,2023-08-27 15:43:29.0,94.99999999999999,2023-08-27 15:43:29.0,8,2023-08-27 15:43:29.0,98.13966749752315,2023-08-27 15:43:29.0,659820,2023-08-27 15:43:29.0,467439.0,2023-08-27 15:43:29.0,483.96085330855647,2023-08-27 15:43:29.0,980.0,5,2023-08-27 15:43:29.0,95.0
2023-08-27 15:43:35.0,0.3254353761505285,2023-08-27 15:43:35.0,98.53333333333333,2023-08-27 15:43:35.0,8,2023-08-27 15:43:35.0,98.14151461033018,2023-08-27 15:43:35.0,660180,2023-08-27 15:43:35.0,468032.0,2023-08-27 15:43:35.0,477.23451962884064,2023-08-27 15:43:35.0,980.0000000000001,5,2023-08-27 15:43:35.0,98.53333333333333
2023-08-27 15:43:41.0,0.3277246023429524,2023-08-27 15:43:41.0,103.13333333333333,2023-08-27 15:43:41.0,8,2023-08-27 15:43:41.0,98.14349682173254,2023-08-27 15:43:41.0,660540,2023-08-27 15:43:41.0,468632.0,2023-08-27 15:43:41.0,475.5452514617814,2023-08-27 15:43:41.0,980.0,6,2023-08-27 15:43:41.0,103.13333333333333
2023-08-27 15:43:47.0,0.3268867863710313,2023-08-27 15:43:47.0,105.86666666666665,2023-08-27 15:43:47.0,8,2023-08-27 15:43:47.0,98.14585159696017,2023-08-27 15:43:47.0,661260,2023-08-27 15:43:47.0,469231.0,2023-08-27 15:43:47.0,477.3495968330065,2023-08-27 15:43:47.0,979.9999999999999,6,2023-08-27 15:43:47.0,105.86666666666665
2023-08-27 15:43:53.0,0.3190459657139637,2023-08-27 15:43:53.0,104.20277388811095,2023-08-27 15:43:53.0,8,2023-08-27 15:43:53.0,98.148459155635,2023-08-27 15:43:53.0,661620,2023-08-27 15:43:53.0,469949.0,2023-08-27 15:43:53.0,483.6558330814603,2023-08-27 15:43:53.0,980.0,6,2023-08-27 15:43:53.0,104.20277388811095
2023-08-27 15:43:59.0,0.3409742057167828,2023-08-27 15:43:59.0,105.06666666666666,2023-08-27 15:43:59.0,8,2023-08-27 15:43:59.0,98.15035550426171,2023-08-27 15:43:59.0,661980,2023-08-27 15:43:59.0,470580.0,2023-08-27 15:43:59.0,481.92175929368597,2023-08-27 15:43:59.0,979.9999999999999,6,2023-08-27 15:43:59.0,105.06666666666666
2023-08-27 15:44:05.0,0.3055567389591778,2023-08-27 15:44:05.0,104.53333333333333,2023-08-27 15:44:05.0,8,2023-08-27 15:44:05.0,98.15225157560351,2023-08-27 15:44:05.0,662340,2023-08-27 15:44:05.0,471172.0,2023-08-27 15:44:05.0,481.7282009154847,2023-08-27 15:44:05.0,979.9999999999999,6,2023-08-27 15:44:05.0,104.53333333333333
2023-08-27 15:44:11.0,0.3650686863163395,2023-08-27 15:44:11.0,107.8,2023-08-27 15:44:11.0,7,2023-08-27 15:44:11.0,98.15424653026017,2023-08-27 15:44:11.0,663000,2023-08-27 15:44:11.0,459557.0,2023-08-27 15:44:11.0,486.616603314197,2023-08-27 15:44:11.0,980.0,6,2023-08-27 15:44:11.0,107.8
2023-08-27 15:44:17.0,0.40188769892318404,2023-08-27 15:44:17.0,104.46666666666667,2023-08-27 15:44:17.0,7,2023-08-27 15:44:17.0,98.15643815125871,2023-08-27 15:44:17.0,664740,2023-08-27 15:44:17.0,460104.0,2023-08-27 15:44:17.0,485.69266736452096,2023-08-27 15:44:17.0,980.0,6,2023-08-27 15:44:17.0,104.46666666666667
2023-08-27 15:44:23.0,0.36274851700971333,2023-08-27 15:44:23.0,100.99999999999999,2023-08-27 15:44:23.0,7,2023-08-27 15:44:23.0,98.15897405698776,2023-08-27 15:44:23.0,665040,2023-08-27 15:44:23.0,460828.0,2023-08-27 15:44:23.0,483.77050091440555,2023-08-27 15:44:23.0,979.9999999999999,6,2023-08-27 15:44:23.0,100.99999999999999
2023-08-27 15:44:29.0,0.38646919035428207,2023-08-27 15:44:29.0,101.46666666666665,2023-08-27 15:44:29.0,7,2023-08-27 15:44:29.0,98.16080401297127,2023-08-27 15:44:29.0,665340,2023-08-27 15:44:29.0,461408.0,2023-08-27 15:44:29.0,485.0919106333103,2023-08-27 15:44:29.0,980.0,6,2023-08-27 15:44:29.0,101.46666666666665
2023-08-27 15:44:35.0,0.38956995237777403,2023-08-27 15:44:35.0,97.13333333333334,2023-08-27 15:44:35.0,7,2023-08-27 15:44:35.0,98.16247902887646,2023-08-27 15:44:35.0,665640,2023-08-27 15:44:35.0,461935.0,2023-08-27 15:44:35.0,483.9587530719244,2023-08-27 15:44:35.0,980.0,5,2023-08-27 15:44:35.0,97.13333333333334
2023-08-27 15:44:41.0,0.376959282562094,2023-08-27 15:44:41.0,97.13333333333333,2023-08-27 15:44:41.0,7,2023-08-27 15:44:41.0,98.16416714842714,2023-08-27 15:44:41.0,666240,2023-08-27 15:44:41.0,462497.0,2023-08-27 15:44:41.0,482.1675958466593,2023-08-27 15:44:41.0,980.0000000000001,5,2023-08-27 15:44:41.0,97.13333333333333
2023-08-27 15:44:47.0,0.39815224892965745,2023-08-27 15:44:47.0,94.53333333333332,2023-08-27 15:44:47.0,7,2023-08-27 15:44:47.0,98.16626840970343,2023-08-27 15:44:47.0,666540,2023-08-27 15:44:47.0,463041.0,2023-08-27 15:44:47.0,475.6098826944832,2023-08-27 15:44:47.0,979.9999999999999,5,2023-08-27 15:44:47.0,94.53333333333332
2023-08-27 15:44:53.0,0.3789372755435877,2023-08-27 15:44:53.0,103.19999999999999,2023-08-27 15:44:53.0,7,2023-08-27 15:44:53.0,98.16896752074229,2023-08-27 15:44:54.0,666840,2023-08-27 15:44:53.0,463822.0,2023-08-27 15:44:54.0,478.1548736621583,2023-08-27 15:44:54.0,980.0,6,2023-08-27 15:44:54.0,103.19999999999999
2023-08-27 15:45:00.0,0.398903194106793,2023-08-27 15:45:00.0,106.33333333333333,2023-08-27 15:45:00.0,7,2023-08-27 15:45:00.0,98.17095062158178,2023-08-27 15:45:00.0,667140,2023-08-27 15:45:00.0,464436.0,2023-08-27 15:45:00.0,480.2432848871472,2023-08-27 15:45:00.0,980.0,6,2023-08-27 15:45:00.0,106.33333333333333
2023-08-27 15:45:06.0,0.35994714513102016,2023-08-27 15:45:06.0,103.13333333333334,2023-08-27 15:45:06.0,7,2023-08-27 15:45:06.0,98.17266992118707,2023-08-27 15:45:06.0,667440,2023-08-27 15:45:06.0,464992.0,2023-08-27 15:45:06.0,480.619207209583,2023-08-27 15:45:06.0,980.0,6,2023-08-27 15:45:06.0,103.13333333333334
2023-08-27 15:45:12.0,0.3777174256172763,2023-08-27 15:45:12.0,99.26666666666665,2023-08-27 15:45:12.0,7,2023-08-27 15:45:12.0,98.17435526604264,2023-08-27 15:45:12.0,668040,2023-08-27 15:45:12.0,465545.0,2023-08-27 15:45:12.0,477.43622589085595,2023-08-27 15:45:12.0,980.0,5,2023-08-27 15:45:12.0,99.26666666666665
2023-08-27 15:45:18.0,0.4102435183040137,2023-08-27 15:45:18.0,101.8,2023-08-27 15:45:18.0,7,2023-08-27 15:45:18.0,98.17669527894478,2023-08-27 15:45:18.0,669780,2023-08-27 15:45:18.0,466182.0,2023-08-27 15:45:18.0,478.28565611853173,2023-08-27 15:45:18.0,980.0,6,2023-08-27 15:45:18.0,101.8
2023-08-27 15:45:24.0,0.39993829615605603,2023-08-27 15:45:24.0,110.33333333333333,2023-08-27 15:45:24.0,7,2023-08-27 15:45:24.0,98.17939055079403,2023-08-27 15:45:24.0,670080,2023-08-27 15:45:24.0,466978.0,2023-08-27 15:45:24.0,498.16036241199805,2023-08-27 15:45:24.0,987.2637430512661,6,2023-08-27 15:45:24.0,110.33333333333333
2023-08-27 15:45:30.0,0.4196393585510475,2023-08-27 15:45:30.0,112.6,2023-08-27 15:45:30.0,7,2023-08-27 15:45:30.0,98.18147279031729,2023-08-27 15:45:30.0,670380,2023-08-27 15:45:30.0,467630.0,2023-08-27 15:45:30.0,505.25134387631664,2023-08-27 15:45:30.0,987.6378896882494,6,2023-08-27 15:45:30.0,112.6
2023-08-27 15:45:36.0,0.41115887154403236,2023-08-27 15:45:36.0,112.0,2023-08-27 15:45:36.0,7,2023-08-27 15:45:36.0,98.18339877694304,2023-08-27 15:45:36.0,670680,2023-08-27 15:45:36.0,468266.0,2023-08-27 15:45:36.0,492.0361300949775,2023-08-27 15:45:36.0,981.7583732057417,6,2023-08-27 15:45:36.0,112.0
2023-08-27 15:45:42.0,0.435428931475991,2023-08-27 15:45:42.0,111.66666666666666,2023-08-27 15:45:42.0,7,2023-08-27 15:45:42.0,98.18541649806527,2023-08-27 15:45:42.0,671280,2023-08-27 15:45:42.0,468919.0,2023-08-27 15:45:42.0,483.01423934108414,2023-08-27 15:45:42.0,980.0,6,2023-08-27 15:45:42.0,111.66666666666666
2023-08-27 15:45:48.0,0.39797807082646686,2023-08-27 15:45:48.0,109.06666666666666,2023-08-27 15:45:48.0,7,2023-08-27 15:45:48.0,98.18769937314015,2023-08-27 15:45:48.0,671580,2023-08-27 15:45:48.0,469527.0,2023-08-27 15:45:48.0,477.1319607137814,2023-08-27 15:45:48.0,980.0,6,2023-08-27 15:45:48.0,109.06666666666666
2023-08-27 15:45:54.0,0.4115949233893205,2023-08-27 15:45:54.0,109.06666666666666,2023-08-27 15:45:54.0,7,2023-08-27 15:45:54.0,98.19036596033534,2023-08-27 15:45:54.0,671880,2023-08-27 15:45:54.0,470327.0,2023-08-27 15:45:54.0,480.02928920177453,2023-08-27 15:45:54.0,980.0,6,2023-08-27 15:45:54.0,109.46666666666667
2023-08-27 15:46:00.0,0.45911974691335583,2023-08-27 15:46:00.0,112.73333333333332,2023-08-27 15:46:00.0,7,2023-08-27 15:46:00.0,98.19255459601852,2023-08-27 15:46:00.0,672240,2023-08-27 15:46:00.0,471070.0,2023-08-27 15:46:00.0,482.92522190403815,2023-08-27 15:46:00.0,980.0,6,2023-08-27 15:46:00.0,112.73333333333332
2023-08-27 15:46:06.0,0.4698216452046868,2023-08-27 15:46:06.0,111.0,2023-08-27 15:46:06.0,7,2023-08-27 15:46:06.0,98.19433224575627,2023-08-27 15:46:06.0,672600,2023-08-27 15:46:06.0,471607.0,2023-08-27 15:46:06.0,486.99508862729516,2023-08-27 15:46:06.0,981.1757648470306,6,2023-08-27 15:46:06.0,111.0
2023-08-27 15:46:12.0,0.44042266955915294,2023-08-27 15:46:12.0,115.80000000000001,2023-08-27 15:46:12.0,7,2023-08-27 15:46:12.0,98.19631492109379,2023-08-27 15:46:12.0,673320,2023-08-27 15:46:12.0,472286.0,2023-08-27 15:46:12.0,483.9396347131313,2023-08-27 15:46:12.0,981.139534883721,6,2023-08-27 15:46:12.0,115.80000000000001
2023-08-27 15:46:18.0,0.446366090795909,2023-08-27 15:46:18.0,112.73333333333332,2023-08-27 15:46:18.0,8,2023-08-27 15:46:18.0,98.19863294195038,2023-08-27 15:46:18.0,675120,2023-08-27 15:46:18.0,472906.0,2023-08-27 15:46:18.0,484.52294696570243,2023-08-27 15:46:18.0,981.1611374407584,6,2023-08-27 15:46:18.0,112.73333333333333
2023-08-27 15:46:24.0,0.41520358656305373,2023-08-27 15:46:24.0,108.14573,2023-08-27 15:46:24.0,8,2023-08-27 15:46:24.0,98.1991514384677,2023-08-27 15:46:24.0,675480,2023-08-27 15:46:24.0,473767.0,2023-08-27 15:46:24.0,507.8192083813522,2023-08-27 15:46:24.0,997.907189446837,6,2023-08-27 15:46:24.0,108.14865
2023-08-27 15:46:30.0,0.4402485048147754,2023-08-27 15:46:30.0,110.07641333333333,2023-08-27 15:46:30.0,8,2023-08-27 15:46:30.0,98.20131606646048,2023-08-27 15:46:30.0,675840,2023-08-27 15:46:30.0,474467.0,2023-08-27 15:46:30.0,509.68011458244877,2023-08-27 15:46:30.0,1054.1239481456064,6,2023-08-27 15:46:30.0,110.08440666666667
2023-08-27 15:46:36.0,0.4378260293351419,2023-08-27 15:46:36.0,115.46666666666665,2023-08-27 15:46:36.0,8,2023-08-27 15:46:36.0,98.20323606968509,2023-08-27 15:46:36.0,676200,2023-08-27 15:46:36.0,475074.0,2023-08-27 15:46:36.0,487.5913064886495,2023-08-27 15:46:36.0,996.6642375811506,6,2023-08-27 15:46:36.0,115.46666666666665
2023-08-27 15:46:42.0,0.42112464331254285,2023-08-27 15:46:42.0,118.86666666666666,2023-08-27 15:46:42.0,8,2023-08-27 15:46:42.0,98.20527114239162,2023-08-27 15:46:42.0,676920,2023-08-27 15:46:42.0,475757.0,2023-08-27 15:46:42.0,483.8732796223556,2023-08-27 15:46:42.0,980.0,6,2023-08-27 15:46:42.0,118.86666666666666
2023-08-27 15:46:48.0,0.45562290057554594,2023-08-27 15:46:48.0,122.06666666666665,2023-08-27 15:46:48.0,8,2023-08-27 15:46:48.0,98.20778432879726,2023-08-27 15:46:48.0,677280,2023-08-27 15:46:48.0,476442.0,2023-08-27 15:46:48.0,487.08956897885594,2023-08-27 15:46:48.0,980.0,7,2023-08-27 15:46:48.0,122.06666666666665
2023-08-27 15:46:54.0,0.4340069327236191,2023-08-27 15:46:54.0,119.0,2023-08-27 15:46:54.0,8,2023-08-27 15:46:54.0,98.21057904673657,2023-08-27 15:46:54.0,677640,2023-08-27 15:46:54.0,477328.0,2023-08-27 15:46:54.0,487.62322684865165,2023-08-27 15:46:54.0,980.0,6,2023-08-27 15:46:54.0,118.99999999999999
2023-08-27 15:47:00.0,0.4311044789914177,2023-08-27 15:47:00.0,117.53333333333332,2023-08-27 15:47:00.0,8,2023-08-27 15:47:00.0,98.21277123693287,2023-08-27 15:47:00.0,678000,2023-08-27 15:47:00.0,478042.0,2023-08-27 15:47:00.0,490.42626150594276,2023-08-27 15:47:00.0,980.0,6,2023-08-27 15:47:00.0,117.53333333333332
2023-08-27 15:47:06.0,0.422642063172857,2023-08-27 15:47:06.0,113.33333333333334,2023-08-27 15:47:06.0,8,2023-08-27 15:47:06.0,98.21454339311055,2023-08-27 15:47:06.0,678360,2023-08-27 15:47:06.0,478587.0,2023-08-27 15:47:06.0,481.9442864309697,2023-08-27 15:47:06.0,980.0,6,2023-08-27 15:47:06.0,113.33333333333334
2023-08-27 15:47:12.0,0.4333638749132206,2023-08-27 15:47:12.0,117.19999999999999,2023-08-27 15:47:12.0,8,2023-08-27 15:47:12.0,98.2167295776598,2023-08-27 15:47:12.0,679080,2023-08-27 15:47:12.0,479316.0,2023-08-27 15:47:12.0,484.11758176383586,2023-08-27 15:47:12.0,980.0,6,2023-08-27 15:47:12.0,117.19999999999999
2023-08-27 15:47:18.0,0.40066768481296555,2023-08-27 15:47:18.0,120.73333333333333,2023-08-27 15:47:18.0,8,2023-08-27 15:47:18.0,98.21913542564803,2023-08-27 15:47:18.0,680880,2023-08-27 15:47:18.0,480069.0,2023-08-27 15:47:18.0,484.172908703748,2023-08-27 15:47:18.0,980.0,7,2023-08-27 15:47:18.0,120.93333333333334
2023-08-27 15:47:24.0,0.4056907611366761,2023-08-27 15:47:24.0,122.93333333333334,2023-08-27 15:47:24.0,8,2023-08-27 15:47:24.0,98.22203355755398,2023-08-27 15:47:24.0,681240,2023-08-27 15:47:24.0,480916.0,2023-08-27 15:47:24.0,491.8076594796459,2023-08-27 15:47:24.0,981.6013071895425,7,2023-08-27 15:47:24.0,122.93333333333334
2023-08-27 15:47:30.0,0.455557423364522,2023-08-27 15:47:30.0,125.19999999999999,2023-08-27 15:47:30.0,8,2023-08-27 15:47:30.0,98.22430162132308,2023-08-27 15:47:30.0,681600,2023-08-27 15:47:30.0,481710.0,2023-08-27 15:47:30.0,489.7841064843437,2023-08-27 15:47:30.0,981.5671641791043,7,2023-08-27 15:47:30.0,125.19999999999999
2023-08-27 15:47:36.0,0.4438746345508565,2023-08-27 15:47:36.0,127.46666666666667,2023-08-27 15:47:36.0,8,2023-08-27 15:47:36.0,98.22641294899367,2023-08-27 15:47:36.0,681960,2023-08-27 15:47:36.0,482368.0,2023-08-27 15:47:36.0,496.21537658012886,2023-08-27 15:47:36.0,986.7158671586717,7,2023-08-27 15:47:36.0,127.46666666666667
2023-08-27 15:47:42.0,0.4071550699555797,2023-08-27 15:47:42.0,130.06666666666666,2023-08-27 15:47:42.0,8,2023-08-27 15:47:42.0,98.22856700756584,2023-08-27 15:47:42.0,682680,2023-08-27 15:47:42.0,483097.0,2023-08-27 15:47:42.0,494.08125248078056,2023-08-27 15:47:42.0,986.5737874097006,7,2023-08-27 15:47:42.0,130.06666666666666
2023-08-27 15:47:48.0,0.45443240216331965,2023-08-27 15:47:48.0,128.46666666666667,2023-08-27 15:47:48.0,8,2023-08-27 15:47:48.0,98.2310535545011,2023-08-27 15:47:48.0,683040,2023-08-27 15:47:48.0,483872.0,2023-08-27 15:47:48.0,493.7706696723949,2023-08-27 15:47:48.0,986.1345852895148,7,2023-08-27 15:47:48.0,128.46666666666667
2023-08-27 15:47:54.0,0.4349181997277887,2023-08-27 15:47:54.0,122.06666666666665,2023-08-27 15:47:54.0,8,2023-08-27 15:47:54.0,98.23378706951294,2023-08-27 15:47:54.0,683400,2023-08-27 15:47:54.0,484671.0,2023-08-27 15:47:54.0,487.1141928344404,2023-08-27 15:47:54.0,980.0,7,2023-08-27 15:47:54.0,122.06666666666665
2023-08-27 15:48:00.0,0.4157235286164629,2023-08-27 15:48:00.0,121.26666666666667,2023-08-27 15:48:00.0,8,2023-08-27 15:48:00.0,98.23596714478415,2023-08-27 15:48:00.0,683880,2023-08-27 15:48:00.0,485463.0,2023-08-27 15:48:00.0,483.32160541823555,2023-08-27 15:48:00.0,980.0,7,2023-08-27 15:48:00.0,121.26666666666667
2023-08-27 15:48:06.0,0.4151360340306164,2023-08-27 15:48:06.0,123.46666666666667,2023-08-27 15:48:06.0,8,2023-08-27 15:48:06.0,98.23796204098086,2023-08-27 15:48:06.0,684360,2023-08-27 15:48:06.0,486090.0,2023-08-27 15:48:06.0,485.1040781250294,2023-08-27 15:48:06.0,981.5874730021598,7,2023-08-27 15:48:06.0,123.46666666666667
2023-08-27 15:48:12.0,0.44351773137359,2023-08-27 15:48:12.0,124.6,2023-08-27 15:48:12.0,8,2023-08-27 15:48:12.0,98.23992987451958,2023-08-27 15:48:12.0,685320,2023-08-27 15:48:12.0,486779.0,2023-08-27 15:48:12.0,493.3732618382318,2023-08-27 15:48:12.0,983.1698113207548,7,2023-08-27 15:48:12.0,124.6
2023-08-27 15:48:18.0,0.3985971332830929,2023-08-27 15:48:18.0,123.63598333333333,2023-08-27 15:48:18.0,10,2023-08-27 15:48:18.0,98.24250235129425,2023-08-27 15:48:18.0,687240,2023-08-27 15:48:18.0,487569.0,2023-08-27 15:48:18.0,491.4904126120233,2023-08-27 15:48:18.0,983.6242583421886,7,2023-08-27 15:48:18.0,123.63753333333334
2023-08-27 15:48:24.0,0.39304929041412345,2023-08-27 15:48:24.0,126.46513666666667,2023-08-27 15:48:24.0,10,2023-08-27 15:48:24.0,98.24497575852345,2023-08-27 15:48:24.0,687720,2023-08-27 15:48:24.0,488463.0,2023-08-27 15:48:24.0,495.97230179532704,2023-08-27 15:48:24.0,993.4598204391492,7,2023-08-27 15:48:24.0,126.47195333333332
2023-08-27 15:48:30.0,0.4241439064715618,2023-08-27 15:48:30.0,126.76050000000001,2023-08-27 15:48:30.0,10,2023-08-27 15:48:30.0,98.24300913180602,2023-08-27 15:48:30.0,688200,2023-08-27 15:48:30.0,489250.0,2023-08-27 15:48:30.0,522.5234616237376,2023-08-27 15:48:30.0,1311.6435738434395,7,2023-08-27 15:48:30.0,126.77063333333332
2023-08-27 15:48:36.0,0.4042461515234022,2023-08-27 15:48:36.0,130.86666666666665,2023-08-27 15:48:36.0,10,2023-08-27 15:48:36.0,98.24546062989631,2023-08-27 15:48:36.0,688680,2023-08-27 15:48:36.0,489952.0,2023-08-27 15:48:36.0,516.1895026917745,2023-08-27 15:48:36.0,1218.6206896551766,7,2023-08-27 15:48:36.0,130.86666666666665
2023-08-27 15:48:42.0,0.3930347482483628,2023-08-27 15:48:42.0,130.13333333333333,2023-08-27 15:48:42.0,10,2023-08-27 15:48:42.0,98.24758542335421,2023-08-27 15:48:42.0,689640,2023-08-27 15:48:42.0,490754.0,2023-08-27 15:48:42.0,491.3836226631296,2023-08-27 15:48:42.0,984.4817073170734,7,2023-08-27 15:48:42.0,130.13333333333333
2023-08-27 15:48:48.0,0.442437373883152,2023-08-27 15:48:48.0,133.2,2023-08-27 15:48:48.0,10,2023-08-27 15:48:48.0,98.25013164697035,2023-08-27 15:48:48.0,690120,2023-08-27 15:48:48.0,491559.0,2023-08-27 15:48:48.0,487.64402957055756,2023-08-27 15:48:48.0,980.4924623115578,7,2023-08-27 15:48:48.0,133.2
2023-08-27 15:48:54.0,0.4161294660055343,2023-08-27 15:48:54.0,133.46666666666667,2023-08-27 15:48:54.0,10,2023-08-27 15:48:54.0,98.25296083998897,2023-08-27 15:48:54.0,690600,2023-08-27 15:48:54.0,492427.0,2023-08-27 15:48:54.0,489.40849460818805,2023-08-27 15:48:54.0,980.49,7,2023-08-27 15:48:54.0,133.46666666666667
2023-08-27 15:49:00.0,0.4268951650744567,2023-08-27 15:49:00.0,132.33333333333331,2023-08-27 15:49:00.0,10,2023-08-27 15:49:00.0,98.25503174379733,2023-08-27 15:49:00.0,691080,2023-08-27 15:49:00.0,493189.0,2023-08-27 15:49:00.0,490.05283826579836,2023-08-27 15:49:00.0,980.495449949444,7,2023-08-27 15:49:00.0,132.33333333333331
2023-08-27 15:49:06.0,0.40282478016917905,2023-08-27 15:49:06.0,130.59999999999997,2023-08-27 15:49:06.0,10,2023-08-27 15:49:06.0,98.25760640873533,2023-08-27 15:49:06.0,691560,2023-08-27 15:49:06.0,493989.0,2023-08-27 15:49:06.0,486.9706946557213,2023-08-27 15:49:06.0,980.0,7,2023-08-27 15:49:06.0,130.59999999999997
2023-08-27 15:49:12.0,0.4137473084553567,2023-08-27 15:49:12.0,129.2,2023-08-27 15:49:12.0,10,2023-08-27 15:49:12.0,98.25959024616382,2023-08-27 15:49:12.0,692520,2023-08-27 15:49:12.0,494694.0,2023-08-27 15:49:12.0,484.21706224235874,2023-08-27 15:49:12.0,980.0,7,2023-08-27 15:49:12.0,129.2
2023-08-27 15:49:18.0,0.4151879057839586,2023-08-27 15:49:18.0,127.66666666666666,2023-08-27 15:49:18.0,10,2023-08-27 15:49:18.0,98.26197879097298,2023-08-27 15:49:18.0,694440,2023-08-27 15:49:18.0,495432.0,2023-08-27 15:49:18.0,485.91881899793157,2023-08-27 15:49:18.0,980.0,7,2023-08-27 15:49:18.0,127.66666666666666
2023-08-27 15:49:24.0,0.4015613425772723,2023-08-27 15:49:24.0,129.26666666666665,2023-08-27 15:49:24.0,10,2023-08-27 15:49:24.0,98.2647257111807,2023-08-27 15:49:24.0,694920,2023-08-27 15:49:24.0,496284.0,2023-08-27 15:49:24.0,491.448667655311,2023-08-27 15:49:24.0,981.0155440414507,7,2023-08-27 15:49:24.0,129.26666666666665
2023-08-27 15:49:30.0,0.38077434017951695,2023-08-27 15:49:30.0,129.2,2023-08-27 15:49:30.0,10,2023-08-27 15:49:30.0,98.26688680126632,2023-08-27 15:49:30.0,695400,2023-08-27 15:49:30.0,497080.0,2023-08-27 15:49:30.0,491.3785572506473,2023-08-27 15:49:30.0,981.5061475409835,7,2023-08-27 15:49:30.0,129.2
2023-08-27 15:49:36.0,0.38825735173103587,2023-08-27 15:49:36.0,129.46666666666667,2023-08-27 15:49:36.0,10,2023-08-27 15:49:36.0,98.26912043140273,2023-08-27 15:49:36.0,695880,2023-08-27 15:49:36.0,497839.0,2023-08-27 15:49:36.0,485.8989347346815,2023-08-27 15:49:36.0,980.5051546391754,7,2023-08-27 15:49:36.0,129.46666666666667
2023-08-27 15:49:42.0,0.3989591169495446,2023-08-27 15:49:42.0,126.22442362633711,2023-08-27 15:49:42.0,10,2023-08-27 15:49:42.0,98.27103467814771,2023-08-27 15:49:42.0,696840,2023-08-27 15:49:42.0,498510.0,2023-08-27 15:49:42.0,489.889837016806,2023-08-27 15:49:42.0,985.220088058581,7,2023-08-27 15:49:42.0,126.22442362633711
2023-08-27 15:49:48.0,0.3883885744407203,2023-08-27 15:49:48.0,123.53333333333333,2023-08-27 15:49:48.0,10,2023-08-27 15:49:48.0,98.27357091890558,2023-08-27 15:49:48.0,697320,2023-08-27 15:49:48.0,499242.0,2023-08-27 15:49:48.0,488.7737888696106,2023-08-27 15:49:48.0,985.2887209929844,7,2023-08-27 15:49:48.0,123.66666666666666
2023-08-27 15:49:54.0,0.38897107323497687,2023-08-27 15:49:54.0,124.5731353267777,2023-08-27 15:49:54.0,10,2023-08-27 15:49:54.0,98.2759354405406,2023-08-27 15:49:54.0,697800,2023-08-27 15:49:54.0,500044.0,2023-08-27 15:49:54.0,490.6513597960799,2023-08-27 15:49:54.0,985.2671265419131,7,2023-08-27 15:49:54.0,124.5731353267777
2023-08-27 15:50:00.0,0.3883610820779649,2023-08-27 15:50:00.0,125.13333333333333,2023-08-27 15:50:00.0,10,2023-08-27 15:50:00.0,98.27804986987732,2023-08-27 15:50:00.0,698280,2023-08-27 15:50:00.0,500827.0,2023-08-27 15:50:00.0,487.0368550470716,2023-08-27 15:50:00.0,980.524625267666,7,2023-08-27 15:50:00.0,125.13333333333333
2023-08-27 15:50:06.0,0.38167175388696184,2023-08-27 15:50:06.0,127.93333333333334,2023-08-27 15:50:06.0,10,2023-08-27 15:50:06.0,98.28023649363665,2023-08-27 15:50:06.0,698760,2023-08-27 15:50:06.0,501602.0,2023-08-27 15:50:06.0,484.80194423709327,2023-08-27 15:50:06.0,980.0,7,2023-08-27 15:50:06.0,127.93333333333334
2023-08-27 15:50:12.0,0.38623416106986513,2023-08-27 15:50:12.0,136.53333333333333,2023-08-27 15:50:12.0,10,2023-08-27 15:50:12.0,98.28257424842549,2023-08-27 15:50:12.0,699720,2023-08-27 15:50:12.0,502441.0,2023-08-27 15:50:12.0,483.7314981576609,2023-08-27 15:50:12.0,980.0000000000001,7,2023-08-27 15:50:12.0,136.53333333333333
2023-08-27 15:50:18.0,0.3779287708558995,2023-08-27 15:50:18.0,141.73333333333335,2023-08-27 15:50:18.0,10,2023-08-27 15:50:18.0,98.28581787951866,2023-08-27 15:50:18.0,701640,2023-08-27 15:50:18.0,503408.0,2023-08-27 15:50:18.0,480.5087830518465,2023-08-27 15:50:18.0,980.0000000000001,8,2023-08-27 15:50:18.0,141.73333333333335
2023-08-27 15:50:24.0,0.36873878691634615,2023-08-27 15:50:24.0,145.66666666666666,2023-08-27 15:50:24.0,10,2023-08-27 15:50:24.0,98.28820871415665,2023-08-27 15:50:24.0,702120,2023-08-27 15:50:24.0,504236.0,2023-08-27 15:50:24.0,485.3489382440418,2023-08-27 15:50:24.0,980.0,8,2023-08-27 15:50:24.0,145.66666666666666
2023-08-27 15:50:30.0,0.3944370202898355,2023-08-27 15:50:30.0,145.39999999999998,2023-08-27 15:50:30.0,10,2023-08-27 15:50:30.0,98.29053354051767,2023-08-27 15:50:30.0,702600,2023-08-27 15:50:30.0,505108.0,2023-08-27 15:50:30.0,484.0531486238104,2023-08-27 15:50:30.0,980.0,8,2023-08-27 15:50:30.0,145.39999999999998
2023-08-27 15:50:36.0,0.37519037090366064,2023-08-27 15:50:36.0,146.26666666666665,2023-08-27 15:50:36.0,10,2023-08-27 15:50:36.0,98.29294730876931,2023-08-27 15:50:36.0,703080,2023-08-27 15:50:36.0,505988.0,2023-08-27 15:50:36.0,491.2377771064852,2023-08-27 15:50:36.0,979.9999999999999,8,2023-08-27 15:50:36.0,146.26666666666665
2023-08-27 15:50:42.0,0.3823995940629094,2023-08-27 15:50:42.0,146.4,2023-08-27 15:50:42.0,10,2023-08-27 15:50:42.0,98.29450120502193,2023-08-27 15:50:42.0,704040,2023-08-27 15:50:42.0,506873.0,2023-08-27 15:50:42.0,506.05640449568324,2023-08-27 15:50:42.0,994.9445471349352,8,2023-08-27 15:50:42.0,146.4
2023-08-27 15:50:48.0,0.44231072836252977,2023-08-27 15:50:48.0,145.39999999999998,2023-08-27 15:50:48.0,10,2023-08-27 15:50:48.0,98.29736225143189,2023-08-27 15:50:48.0,704520,2023-08-27 15:50:48.0,507822.0,2023-08-27 15:50:48.0,504.8765374608086,2023-08-27 15:50:48.0,995.886984715146,8,2023-08-27 15:50:48.0,145.39999999999998
2023-08-27 15:50:54.0,0.4198072181294875,2023-08-27 15:50:54.0,142.06666666666666,2023-08-27 15:50:54.0,10,2023-08-27 15:50:54.0,98.29965514280407,2023-08-27 15:50:54.0,705000,2023-08-27 15:50:54.0,508661.0,2023-08-27 15:50:54.0,484.80588101783485,2023-08-27 15:50:54.0,981.8412400187882,8,2023-08-27 15:50:54.0,142.06666666666666
2023-08-27 15:51:00.0,0.44556489891377554,2023-08-27 15:51:00.0,144.0,2023-08-27 15:51:00.0,10,2023-08-27 15:51:00.0,98.30186856266798,2023-08-27 15:51:00.0,705480,2023-08-27 15:51:00.0,509461.0,2023-08-27 15:51:00.0,485.63568239721997,2023-08-27 15:51:00.0,980.9146056929536,8,2023-08-27 15:51:00.0,144.0
2023-08-27 15:51:06.0,0.41415417471811994,2023-08-27 15:51:06.0,141.2,2023-08-27 15:51:06.0,10,2023-08-27 15:51:06.0,98.30408115817515,2023-08-27 15:51:06.0,705960,2023-08-27 15:51:06.0,510277.0,2023-08-27 15:51:06.0,481.587132669654,2023-08-27 15:51:06.0,980.4600938967136,8,2023-08-27 15:51:06.0,141.2
2023-08-27 15:51:12.0,0.43086654381537864,2023-08-27 15:51:12.0,140.66666666666666,2023-08-27 15:51:12.0,10,2023-08-27 15:51:12.0,98.30670525834154,2023-08-27 15:51:12.0,706920,2023-08-27 15:51:12.0,511133.0,2023-08-27 15:51:12.0,484.2346887564339,2023-08-27 15:51:12.0,980.0000000000001,8,2023-08-27 15:51:12.0,140.66666666666666
2023-08-27 15:51:18.0,0.44690578001227765,2023-08-27 15:51:18.0,140.26666666666665,2023-08-27 15:51:18.0,10,2023-08-27 15:51:18.0,98.3094408338947,2023-08-27 15:51:18.0,708840,2023-08-27 15:51:18.0,512048.0,2023-08-27 15:51:18.0,487.4326993756362,2023-08-27 15:51:18.0,980.0000000000001,7,2023-08-27 15:51:18.0,140.26666666666665
2023-08-27 15:51:24.0,0.4136390189172472,2023-08-27 15:51:24.0,138.2,2023-08-27 15:51:24.0,10,2023-08-27 15:51:24.0,98.31161370595068,2023-08-27 15:51:24.0,709320,2023-08-27 15:51:24.0,512862.0,2023-08-27 15:51:24.0,491.85148199377977,2023-08-27 15:51:24.0,980.0,7,2023-08-27 15:51:24.0,138.2
2023-08-27 15:51:30.0,0.4361697762515035,2023-08-27 15:51:30.0,146.26666666666668,2023-08-27 15:51:30.0,10,2023-08-27 15:51:30.0,98.31401300075075,2023-08-27 15:51:30.0,709800,2023-08-27 15:51:30.0,513740.0,2023-08-27 15:51:30.0,493.7751144634526,2023-08-27 15:51:30.0,979.9999999999999,8,2023-08-27 15:51:30.0,146.26666666666668
2023-08-27 15:51:36.0,0.37943502219874486,2023-08-27 15:51:36.0,156.33333333333331,2023-08-27 15:51:36.0,10,2023-08-27 15:51:36.0,98.31660778533322,2023-08-27 15:51:36.0,710280,2023-08-27 15:51:36.0,514722.0,2023-08-27 15:51:36.0,499.54181721565726,2023-08-27 15:51:36.0,981.2623443537999,8,2023-08-27 15:51:36.0,156.33333333333331
2023-08-27 15:51:42.0,0.37410628651863154,2023-08-27 15:51:42.0,159.66666666666669,2023-08-27 15:51:42.0,10,2023-08-27 15:51:42.0,98.31940176690165,2023-08-27 15:51:42.0,711240,2023-08-27 15:51:42.0,515668.0,2023-08-27 15:51:42.0,498.1215708406453,2023-08-27 15:51:42.0,984.1490262489415,8,2023-08-27 15:51:42.0,159.66666666666669
2023-08-27 15:51:48.0,0.4013629461094291,2023-08-27 15:51:48.0,155.33333333333334,2023-08-27 15:51:48.0,10,2023-08-27 15:51:48.0,98.32233381234488,2023-08-27 15:51:48.0,711720,2023-08-27 15:51:48.0,516646.0,2023-08-27 15:51:48.0,495.16542862769774,2023-08-27 15:51:48.0,983.793548387097,8,2023-08-27 15:51:48.0,155.33333333333334
2023-08-27 15:51:54.0,0.4147874838315138,2023-08-27 15:51:54.0,153.93844614871625,2023-08-27 15:51:54.0,10,2023-08-27 15:51:54.0,98.32479260050842,2023-08-27 15:51:54.0,712200,2023-08-27 15:51:54.0,517582.0,2023-08-27 15:51:54.0,493.1868031782393,2023-08-27 15:51:54.0,983.82467820998,8,2023-08-27 15:51:54.0,153.93844614871622
2023-08-27 15:52:00.0,0.46635317125110387,2023-08-27 15:52:00.0,154.06666666666666,2023-08-27 15:52:00.0,10,2023-08-27 15:52:00.0,98.32722415579502,2023-08-27 15:52:00.0,712800,2023-08-27 15:52:00.0,518499.0,2023-08-27 15:52:00.0,492.6870513552063,2023-08-27 15:52:00.0,983.8214904679377,8,2023-08-27 15:52:00.0,154.06666666666666
2023-08-27 15:52:06.0,0.45335209892089107,2023-08-27 15:52:06.0,152.86666666666667,2023-08-27 15:52:06.0,10,2023-08-27 15:52:06.0,98.32942783956786,2023-08-27 15:52:06.0,713400,2023-08-27 15:52:06.0,519336.0,2023-08-27 15:52:06.0,500.6468059655039,2023-08-27 15:52:06.0,983.8684210526316,8,2023-08-27 15:52:06.0,152.86666666666667
2023-08-27 15:52:12.0,0.44332115661104265,2023-08-27 15:52:12.0,158.8,2023-08-27 15:52:12.0,10,2023-08-27 15:52:12.0,98.3323554799167,2023-08-27 15:52:12.0,714600,2023-08-27 15:52:12.0,520326.0,2023-08-27 15:52:12.0,495.92904683826265,2023-08-27 15:52:12.0,980.4140261934939,8,2023-08-27 15:52:12.0,158.8
2023-08-27 15:52:18.0,0.4669833049259675,2023-08-27 15:52:18.0,163.46666666666667,2023-08-27 15:52:18.0,12,2023-08-27 15:52:18.0,98.3355345804647,2023-08-27 15:52:18.0,716640,2023-08-27 15:52:18.0,521402.0,2023-08-27 15:52:18.0,492.9828732285601,2023-08-27 15:52:18.0,981.1845286059628,9,2023-08-27 15:52:18.0,163.46666666666667
2023-08-27 15:52:24.0,0.44527545803541146,2023-08-27 15:52:24.0,162.88224333333335,2023-08-27 15:52:24.0,12,2023-08-27 15:52:24.0,98.33391191532813,2023-08-27 15:52:24.0,717240,2023-08-27 15:52:24.0,522344.0,2023-08-27 15:52:24.0,517.4981857655666,2023-08-27 15:52:24.0,1067.3771132032741,9,2023-08-27 15:52:24.0,162.88723833333336
2023-08-27 15:52:30.0,0.44984879492852,2023-08-27 15:52:30.0,157.32789999999997,2023-08-27 15:52:30.0,12,2023-08-27 15:52:30.0,98.327325010336,2023-08-27 15:52:30.0,717840,2023-08-27 15:52:30.0,523311.0,2023-08-27 15:52:30.0,564.7632916367673,2023-08-27 15:52:30.0,1799.798194810549,8,2023-08-27 15:52:30.0,157.33876666666666
2023-08-27 15:52:36.0,0.41972238286822894,2023-08-27 15:52:36.0,154.27507579256098,2023-08-27 15:52:36.0,12,2023-08-27 15:52:36.0,98.32954192984539,2023-08-27 15:52:36.0,719040,2023-08-27 15:52:36.0,524203.0,2023-08-27 15:52:36.0,559.387864127587,2023-08-27 15:52:36.0,1850.4941648144106,8,2023-08-27 15:52:36.0,154.28051579256098
2023-08-27 15:52:42.0,0.4642560038262387,2023-08-27 15:52:42.0,152.79999999999998,2023-08-27 15:52:42.0,12,2023-08-27 15:52:42.0,98.33192381246813,2023-08-27 15:52:42.0,719640,2023-08-27 15:52:42.0,525077.0,2023-08-27 15:52:42.0,495.74143839808573,2023-08-27 15:52:42.0,988.2642253679638,8,2023-08-27 15:52:42.0,152.79999999999998
2023-08-27 15:52:48.0,0.4732927273494798,2023-08-27 15:52:48.0,152.79999999999998,2023-08-27 15:52:48.0,12,2023-08-27 15:52:48.0,98.3345356575224,2023-08-27 15:52:48.0,720240,2023-08-27 15:52:48.0,526037.0,2023-08-27 15:52:48.0,490.4272387760879,2023-08-27 15:52:48.0,980.0,8,2023-08-27 15:52:48.0,152.79999999999998
2023-08-27 15:52:54.0,0.41625953909271557,2023-08-27 15:52:54.0,159.60175134462372,2023-08-27 15:52:54.0,12,2023-08-27 15:52:54.0,98.3369881341353,2023-08-27 15:52:54.0,720840,2023-08-27 15:52:54.0,527014.0,2023-08-27 15:52:54.0,498.2449886901038,2023-08-27 15:52:54.0,980.0,8,2023-08-27 15:52:54.0,159.60175134462372
2023-08-27 15:53:00.0,0.4255195306806501,2023-08-27 15:53:00.0,169.2,2023-08-27 15:53:00.0,12,2023-08-27 15:53:00.0,98.34074504150443,2023-08-27 15:53:00.0,721440,2023-08-27 15:53:00.0,528063.0,2023-08-27 15:53:00.0,499.4493820623601,2023-08-27 15:53:00.0,981.9498607242339,9,2023-08-27 15:53:00.0,169.2
2023-08-27 15:53:06.0,0.40647165476958685,2023-08-27 15:53:06.0,166.13333333333333,2023-08-27 15:53:06.0,12,2023-08-27 15:53:06.0,98.34312196555366,2023-08-27 15:53:06.0,722640,2023-08-27 15:53:06.0,529096.0,2023-08-27 15:53:06.0,497.05141055734805,2023-08-27 15:53:06.0,981.9758064516129,9,2023-08-27 15:53:06.0,166.13333333333333
2023-08-27 15:53:12.0,0.4314210436988896,2023-08-27 15:53:12.0,162.9333333333333,2023-08-27 15:53:12.0,12,2023-08-27 15:53:13.0,98.34571063937757,2023-08-27 15:53:13.0,723240,2023-08-27 15:53:12.0,529968.0,2023-08-27 15:53:13.0,496.75290409678826,2023-08-27 15:53:13.0,980.4021337710299,9,2023-08-27 15:53:13.0,162.9333333333333
2023-08-27 15:53:19.0,0.4352375513980791,2023-08-27 15:53:19.0,162.4,2023-08-27 15:53:19.0,12,2023-08-27 15:53:19.0,98.34845427415299,2023-08-27 15:53:19.0,725280,2023-08-27 15:53:19.0,530956.0,2023-08-27 15:53:19.0,504.43853835973164,2023-08-27 15:53:19.0,981.6198347107439,9,2023-08-27 15:53:19.0,162.4
2023-08-27 15:53:25.0,0.42562285097552177,2023-08-27 15:53:25.0,159.66666666666666,2023-08-27 15:53:25.0,12,2023-08-27 15:53:25.0,98.35071534903993,2023-08-27 15:53:25.0,725880,2023-08-27 15:53:25.0,531859.0,2023-08-27 15:53:25.0,503.63626908421656,2023-08-27 15:53:25.0,983.6552009946126,8,2023-08-27 15:53:25.0,159.66666666666666
2023-08-27 15:53:31.0,0.4286611883408154,2023-08-27 15:53:31.0,161.06666666666666,2023-08-27 15:53:31.0,12,2023-08-27 15:53:31.0,98.35377966451347,2023-08-27 15:53:31.0,726480,2023-08-27 15:53:31.0,532869.0,2023-08-27 15:53:31.0,496.44937724883266,2023-08-27 15:53:31.0,983.2463768115941,9,2023-08-27 15:53:31.0,161.06666666666666
2023-08-27 15:53:37.0,0.4139213325304817,2023-08-27 15:53:37.0,158.9333333333333,2023-08-27 15:53:37.0,12,2023-08-27 15:53:37.0,98.35601420277283,2023-08-27 15:53:37.0,727680,2023-08-27 15:53:37.0,533844.0,2023-08-27 15:53:37.0,490.9149876105957,2023-08-27 15:53:37.0,981.647751155948,8,2023-08-27 15:53:37.0,158.9333333333333
2023-08-27 15:53:43.0,0.4192126633305669,2023-08-27 15:53:43.0,163.26666666666668,2023-08-27 15:53:43.0,12,2023-08-27 15:53:43.0,98.35870003621352,2023-08-27 15:53:43.0,728280,2023-08-27 15:53:43.0,534763.0,2023-08-27 15:53:43.0,497.18939485891514,2023-08-27 15:53:43.0,982.0081967213115,9,2023-08-27 15:53:43.0,163.26666666666665
2023-08-27 15:53:49.0,0.43075251015954447,2023-08-27 15:53:49.0,166.26666666666665,2023-08-27 15:53:49.0,12,2023-08-27 15:53:49.0,98.36150980010602,2023-08-27 15:53:49.0,728880,2023-08-27 15:53:49.0,535783.0,2023-08-27 15:53:49.0,498.70922121465674,2023-08-27 15:53:49.0,981.9662921348314,9,2023-08-27 15:53:49.0,166.26666666666665
2023-08-27 15:53:55.0,0.4066696943908667,2023-08-27 15:53:55.0,160.46666666666664,2023-08-27 15:53:55.0,12,2023-08-27 15:53:55.0,98.36434487988788,2023-08-27 15:53:55.0,729480,2023-08-27 15:53:55.0,536771.0,2023-08-27 15:53:55.0,487.23070794480503,2023-08-27 15:53:55.0,980.406807804068,8,2023-08-27 15:53:55.0,160.46666666666664
2023-08-27 15:54:01.0,0.4119579311928713,2023-08-27 15:54:01.0,159.13333333333333,2023-08-27 15:54:01.0,12,2023-08-27 15:54:01.0,98.36651686329687,2023-08-27 15:54:01.0,730200,2023-08-27 15:54:01.0,537698.0,2023-08-27 15:54:01.0,481.8681476673489,2023-08-27 15:54:01.0,980.0000000000001,8,2023-08-27 15:54:01.0,159.13333333333333
2023-08-27 15:54:07.0,0.3891376783276945,2023-08-27 15:54:07.0,161.26666666666662,2023-08-27 15:54:07.0,12,2023-08-27 15:54:07.0,98.36883655612138,2023-08-27 15:54:07.0,731640,2023-08-27 15:54:07.0,538710.0,2023-08-27 15:54:07.0,484.2927666311218,2023-08-27 15:54:07.0,980.816666666667,9,2023-08-27 15:54:07.0,161.26666666666662
2023-08-27 15:54:13.0,0.40764961621434376,2023-08-27 15:54:13.0,161.39999999999998,2023-08-27 15:54:13.0,12,2023-08-27 15:54:13.0,98.3714145270073,2023-08-27 15:54:13.0,732360,2023-08-27 15:54:13.0,539566.0,2023-08-27 15:54:13.0,488.02859918865505,2023-08-27 15:54:13.0,980.8062525709585,9,2023-08-27 15:54:13.0,161.39999999999998
2023-08-27 15:54:19.0,0.3722297225481367,2023-08-27 15:54:19.0,158.88615333333334,2023-08-27 15:54:19.0,14,2023-08-27 15:54:19.0,98.37419421103999,2023-08-27 15:54:19.0,734520,2023-08-27 15:54:19.0,540599.0,2023-08-27 15:54:19.0,490.00348906764464,2023-08-27 15:54:19.0,980.4066390041494,8,2023-08-27 15:54:19.0,158.88635333333332
2023-08-27 15:54:25.0,0.3614487827204863,2023-08-27 15:54:25.0,153.32055586732426,2023-08-27 15:54:25.0,14,2023-08-27 15:54:25.0,98.37581337544911,2023-08-27 15:54:25.0,735240,2023-08-27 15:54:25.0,541553.0,2023-08-27 15:54:25.0,496.19643149587876,2023-08-27 15:54:25.0,986.4966327260084,8,2023-08-27 15:54:25.0,153.3288492006576
2023-08-27 15:54:31.0,0.3864574561511288,2023-08-27 15:54:31.0,151.2610333333333,2023-08-27 15:54:31.0,14,2023-08-27 15:54:31.0,98.37788154829077,2023-08-27 15:54:31.0,735960,2023-08-27 15:54:31.0,542374.0,2023-08-27 15:54:31.0,492.54989038334304,2023-08-27 15:54:31.0,987.1084260751041,8,2023-08-27 15:54:31.0,151.2679333333333
2023-08-27 15:54:37.0,0.3806041376207567,2023-08-27 15:54:37.0,155.99493420112032,2023-08-27 15:54:37.0,14,2023-08-27 15:54:37.0,98.38011718268311,2023-08-27 15:54:37.0,737400,2023-08-27 15:54:37.0,543420.0,2023-08-27 15:54:37.0,485.35847959707536,2023-08-27 15:54:37.0,984.5422593709593,8,2023-08-27 15:54:37.0,155.99985420112029
2023-08-27 15:54:43.0,0.36749284708390295,2023-08-27 15:54:43.0,157.9333333333333,2023-08-27 15:54:43.0,14,2023-08-27 15:54:43.0,98.38258637409996,2023-08-27 15:54:43.0,738120,2023-08-27 15:54:43.0,544252.0,2023-08-27 15:54:43.0,484.6433340154014,2023-08-27 15:54:43.0,980.0,8,2023-08-27 15:54:43.0,157.9333333333333
2023-08-27 15:54:49.0,0.3796085847449027,2023-08-27 15:54:49.0,156.06666666666666,2023-08-27 15:54:49.0,14,2023-08-27 15:54:49.0,98.38530245977788,2023-08-27 15:54:49.0,738840,2023-08-27 15:54:49.0,545247.0,2023-08-27 15:54:49.0,485.8132423313393,2023-08-27 15:54:49.0,980.0,8,2023-08-27 15:54:49.0,156.06666666666666
2023-08-27 15:54:55.0,0.36521202575134104,2023-08-27 15:54:55.0,162.00000000000003,2023-08-27 15:54:55.0,14,2023-08-27 15:54:55.0,98.3881176242171,2023-08-27 15:54:55.0,739560,2023-08-27 15:54:55.0,546341.0,2023-08-27 15:54:55.0,487.95056298933423,2023-08-27 15:54:55.0,980.0,9,2023-08-27 15:54:55.0,162.00000000000003
2023-08-27 15:55:01.0,0.3691864847129857,2023-08-27 15:55:01.0,162.79999999999995,2023-08-27 15:55:01.0,14,2023-08-27 15:55:01.0,98.3902932457446,2023-08-27 15:55:01.0,740280,2023-08-27 15:55:01.0,547196.0,2023-08-27 15:55:01.0,488.3991265134749,2023-08-27 15:55:01.0,980.0,9,2023-08-27 15:55:01.0,162.79999999999995
2023-08-27 15:55:07.0,0.35520004626446416,2023-08-27 15:55:07.0,161.06666666666666,2023-08-27 15:55:07.0,14,2023-08-27 15:55:07.0,98.3924306803597,2023-08-27 15:55:07.0,741720,2023-08-27 15:55:07.0,548191.0,2023-08-27 15:55:07.0,483.88222818891546,2023-08-27 15:55:07.0,980.0,9,2023-08-27 15:55:07.0,161.06666666666666
2023-08-27 15:55:13.0,0.3615226843673502,2023-08-27 15:55:13.0,161.06666666666666,2023-08-27 15:55:13.0,14,2023-08-27 15:55:13.0,98.3951203492574,2023-08-27 15:55:13.0,742440,2023-08-27 15:55:13.0,549115.0,2023-08-27 15:55:13.0,482.8436888290197,2023-08-27 15:55:13.0,980.0,9,2023-08-27 15:55:13.0,161.06666666666666
2023-08-27 15:55:19.0,0.3473988820555154,2023-08-27 15:55:19.0,163.46666666666667,2023-08-27 15:55:19.0,14,2023-08-27 15:55:19.0,98.3979015640654,2023-08-27 15:55:19.0,744600,2023-08-27 15:55:19.0,550158.0,2023-08-27 15:55:19.0,486.63712157667305,2023-08-27 15:55:19.0,980.0,9,2023-08-27 15:55:19.0,163.46666666666667
2023-08-27 15:55:25.0,0.3538777891305115,2023-08-27 15:55:25.0,163.73333333333332,2023-08-27 15:55:25.0,14,2023-08-27 15:55:25.0,98.4004417856639,2023-08-27 15:55:25.0,745320,2023-08-27 15:55:25.0,551191.0,2023-08-27 15:55:25.0,489.0236739209387,2023-08-27 15:55:25.0,980.0,9,2023-08-27 15:55:25.0,163.73333333333335
2023-08-27 15:55:31.0,0.3770587339060226,2023-08-27 15:55:31.0,162.13333333333333,2023-08-27 15:55:31.0,14,2023-08-27 15:55:31.0,98.40262229104819,2023-08-27 15:55:31.0,746040,2023-08-27 15:55:31.0,552082.0,2023-08-27 15:55:31.0,488.47302834586986,2023-08-27 15:55:31.0,980.0,9,2023-08-27 15:55:31.0,162.13333333333333
2023-08-27 15:55:37.0,0.3522532406598633,2023-08-27 15:55:37.0,168.13333333333333,2023-08-27 15:55:37.0,14,2023-08-27 15:55:37.0,98.40506779421132,2023-08-27 15:55:37.0,747480,2023-08-27 15:55:37.0,553215.0,2023-08-27 15:55:37.0,487.2725944962101,2023-08-27 15:55:37.0,980.0,9,2023-08-27 15:55:37.0,168.13333333333333
2023-08-27 15:55:43.0,0.3678309452211422,2023-08-27 15:55:43.0,167.26666666666665,2023-08-27 15:55:43.0,14,2023-08-27 15:55:43.0,98.40763340845125,2023-08-27 15:55:43.0,748200,2023-08-27 15:55:43.0,554139.0,2023-08-27 15:55:43.0,485.9396815781503,2023-08-27 15:55:43.0,979.9999999999999,9,2023-08-27 15:55:43.0,167.26666666666665
2023-08-27 15:55:49.0,0.36954102935303285,2023-08-27 15:55:49.0,172.59999999999997,2023-08-27 15:55:49.0,14,2023-08-27 15:55:49.0,98.41058171746371,2023-08-27 15:55:49.0,748920,2023-08-27 15:55:49.0,555230.0,2023-08-27 15:55:49.0,487.23359663187057,2023-08-27 15:55:49.0,980.0,9,2023-08-27 15:55:49.0,172.59999999999997
2023-08-27 15:55:55.0,0.3554981847745652,2023-08-27 15:55:55.0,176.42505288001246,2023-08-27 15:55:55.0,14,2023-08-27 15:55:55.0,98.41333405252223,2023-08-27 15:55:55.0,749640,2023-08-27 15:55:55.0,556382.0,2023-08-27 15:55:55.0,489.29021894618813,2023-08-27 15:55:55.0,980.74091498449,9,2023-08-27 15:55:55.0,176.42505288001246
2023-08-27 15:56:01.0,0.3769461770502916,2023-08-27 15:56:01.0,180.86666666666665,2023-08-27 15:56:01.0,14,2023-08-27 15:56:01.0,98.41574022171312,2023-08-27 15:56:01.0,750360,2023-08-27 15:56:01.0,557349.0,2023-08-27 15:56:01.0,493.39525127536075,2023-08-27 15:56:01.0,980.7288955001859,10,2023-08-27 15:56:01.0,180.86666666666665
2023-08-27 15:56:07.0,0.35617168816376676,2023-08-27 15:56:07.0,174.13333333333333,2023-08-27 15:56:07.0,14,2023-08-27 15:56:07.0,98.41798566098093,2023-08-27 15:56:07.0,751800,2023-08-27 15:56:07.0,558405.0,2023-08-27 15:56:07.0,492.33101615835005,2023-08-27 15:56:07.0,980.7466666666667,9,2023-08-27 15:56:07.0,174.13333333333333
2023-08-27 15:56:13.0,0.3889247984520418,2023-08-27 15:56:13.0,167.5333333333333,2023-08-27 15:56:13.0,14,2023-08-27 15:56:13.0,98.42052465165963,2023-08-27 15:56:13.0,752520,2023-08-27 15:56:13.0,559339.0,2023-08-27 15:56:13.0,487.1099030852297,2023-08-27 15:56:13.0,980.0,9,2023-08-27 15:56:13.0,167.5333333333333
2023-08-27 15:56:19.0,0.3551167544150048,2023-08-27 15:56:19.0,168.66666666666666,2023-08-27 15:56:19.0,14,2023-08-27 15:56:19.0,98.4234546567869,2023-08-27 15:56:19.0,754680,2023-08-27 15:56:19.0,560410.0,2023-08-27 15:56:19.0,485.35839279552255,2023-08-27 15:56:19.0,980.7728706624605,9,2023-08-27 15:56:19.0,168.66666666666666
2023-08-27 15:56:25.0,0.36143179837589856,2023-08-27 15:56:25.0,170.26666666666668,2023-08-27 15:56:25.0,14,2023-08-27 15:56:25.0,98.42586292947348,2023-08-27 15:56:25.0,755400,2023-08-27 15:56:25.0,561470.0,2023-08-27 15:56:25.0,484.1316463478534,2023-08-27 15:56:25.0,980.7632398753894,9,2023-08-27 15:56:25.0,170.26666666666668
2023-08-27 15:56:31.0,0.37899557979108217,2023-08-27 15:56:31.0,169.66666666666666,2023-08-27 15:56:31.0,14,2023-08-27 15:56:31.0,98.42807931872463,2023-08-27 15:56:31.0,756120,2023-08-27 15:56:31.0,562380.0,2023-08-27 15:56:31.0,485.0299215196823,2023-08-27 15:56:31.0,980.7734806629833,9,2023-08-27 15:56:31.0,169.66666666666666
2023-08-27 15:56:37.0,0.3654501855496315,2023-08-27 15:56:37.0,169.33333333333331,2023-08-27 15:56:37.0,14,2023-08-27 15:56:37.0,98.4302794652865,2023-08-27 15:56:37.0,757560,2023-08-27 15:56:37.0,563458.0,2023-08-27 15:56:37.0,486.8902928904381,2023-08-27 15:56:37.0,979.9999999999999,9,2023-08-27 15:56:37.0,169.33333333333331
2023-08-27 15:56:43.0,0.3591534984881614,2023-08-27 15:56:43.0,165.79999999999998,2023-08-27 15:56:43.0,14,2023-08-27 15:56:43.0,98.43283166450225,2023-08-27 15:56:43.0,758280,2023-08-27 15:56:43.0,564398.0,2023-08-27 15:56:43.0,487.45296841492876,2023-08-27 15:56:43.0,980.0,9,2023-08-27 15:56:43.0,165.79999999999998
2023-08-27 15:56:49.0,0.3480325964511226,2023-08-27 15:56:49.0,161.13333333333333,2023-08-27 15:56:49.0,14,2023-08-27 15:56:49.0,98.43538022048384,2023-08-27 15:56:49.0,759000,2023-08-27 15:56:49.0,565331.0,2023-08-27 15:56:49.0,485.8550878148065,2023-08-27 15:56:49.0,980.0,9,2023-08-27 15:56:49.0,161.13333333333333
2023-08-27 15:56:55.0,0.3290131761414223,2023-08-27 15:56:55.0,160.86666666666667,2023-08-27 15:56:55.0,14,2023-08-27 15:56:55.0,98.43779910974412,2023-08-27 15:56:55.0,759720,2023-08-27 15:56:55.0,566405.0,2023-08-27 15:56:55.0,485.0006597869713,2023-08-27 15:56:55.0,980.0000000000001,9,2023-08-27 15:56:55.0,160.86666666666667
2023-08-27 15:57:01.0,0.3633667794484649,2023-08-27 15:57:01.0,164.79999999999998,2023-08-27 15:57:01.0,14,2023-08-27 15:57:01.0,98.43991363776507,2023-08-27 15:57:01.0,760440,2023-08-27 15:57:01.0,567411.0,2023-08-27 15:57:01.0,481.33721636200255,2023-08-27 15:57:01.0,980.0,9,2023-08-27 15:57:01.0,164.79999999999998
2023-08-27 15:57:07.0,0.32192213233379124,2023-08-27 15:57:07.0,169.13333333333333,2023-08-27 15:57:07.0,14,2023-08-27 15:57:07.0,98.4422065523458,2023-08-27 15:57:07.0,761880,2023-08-27 15:57:07.0,568411.0,2023-08-27 15:57:07.0,482.8229128123329,2023-08-27 15:57:07.0,980.0000000000001,9,2023-08-27 15:57:07.0,169.13333333333333
2023-08-27 15:57:13.0,0.3645202060348435,2023-08-27 15:57:13.0,168.13333333333333,2023-08-27 15:57:13.0,14,2023-08-27 15:57:13.0,98.44463520745555,2023-08-27 15:57:13.0,762600,2023-08-27 15:57:13.0,569330.0,2023-08-27 15:57:13.0,491.22919442855226,2023-08-27 15:57:13.0,980.0000000000001,9,2023-08-27 15:57:13.0,168.13333333333333
2023-08-27 15:57:19.0,0.3514136347581672,2023-08-27 15:57:19.0,163.4666666666667,2023-08-27 15:57:19.0,14,2023-08-27 15:57:19.0,98.44723092393362,2023-08-27 15:57:19.0,764760,2023-08-27 15:57:19.0,570302.0,2023-08-27 15:57:19.0,488.8319635011733,2023-08-27 15:57:19.0,980.0,9,2023-08-27 15:57:19.0,163.4666666666667
2023-08-27 15:57:25.0,0.32926560445640335,2023-08-27 15:57:25.0,164.9333333333333,2023-08-27 15:57:25.0,14,2023-08-27 15:57:25.0,98.4496075466825,2023-08-27 15:57:25.0,765480,2023-08-27 15:57:25.0,571393.0,2023-08-27 15:57:25.0,481.87506222390914,2023-08-27 15:57:25.0,980.0,9,2023-08-27 15:57:25.0,164.9333333333333
2023-08-27 15:57:31.0,0.35945264058371434,2023-08-27 15:57:31.0,165.8,2023-08-27 15:57:31.0,14,2023-08-27 15:57:31.0,98.45180571204511,2023-08-27 15:57:31.0,766200,2023-08-27 15:57:31.0,572426.0,2023-08-27 15:57:31.0,477.18716989948786,2023-08-27 15:57:31.0,980.0,9,2023-08-27 15:57:31.0,165.8
2023-08-27 15:57:37.0,0.33766373103223735,2023-08-27 15:57:37.0,170.53333333333333,2023-08-27 15:57:37.0,14,2023-08-27 15:57:37.0,98.45406737507983,2023-08-27 15:57:37.0,767640,2023-08-27 15:57:37.0,573414.0,2023-08-27 15:57:37.0,483.72126000039333,2023-08-27 15:57:37.0,980.3811746402176,9,2023-08-27 15:57:37.0,170.53333333333333
2023-08-27 15:57:43.0,0.35410629945168026,2023-08-27 15:57:43.0,168.3954684792749,2023-08-27 15:57:43.0,14,2023-08-27 15:57:43.0,98.45665897256173,2023-08-27 15:57:43.0,768360,2023-08-27 15:57:43.0,574424.0,2023-08-27 15:57:43.0,483.14953105453725,2023-08-27 15:57:43.0,980.386903211528,9,2023-08-27 15:57:43.0,168.8595909121194
2023-08-27 15:57:49.0,0.34617163883801055,2023-08-27 15:57:49.0,168.1333333333333,2023-08-27 15:57:49.0,14,2023-08-27 15:57:49.0,98.45919546642193,2023-08-27 15:57:49.0,769080,2023-08-27 15:57:49.0,575369.0,2023-08-27 15:57:49.0,478.2531104624971,2023-08-27 15:57:49.0,980.0,9,2023-08-27 15:57:49.0,168.1333333333333
2023-08-27 15:57:55.0,0.33895475564308647,2023-08-27 15:57:55.0,166.2829717033941,2023-08-27 15:57:55.0,14,2023-08-27 15:57:55.0,98.46144106621199,2023-08-27 15:57:55.0,769800,2023-08-27 15:57:55.0,576442.0,2023-08-27 15:57:55.0,481.60471010638145,2023-08-27 15:57:55.0,980.3938530571763,9,2023-08-27 15:57:55.0,166.2829717033941
2023-08-27 15:58:01.0,0.3396567469232236,2023-08-27 15:58:01.0,166.13333333333333,2023-08-27 15:58:01.0,14,2023-08-27 15:58:01.0,98.46352065089657,2023-08-27 15:58:01.0,770520,2023-08-27 15:58:01.0,577422.0,2023-08-27 15:58:01.0,488.55022358438055,2023-08-27 15:58:01.0,981.1854838709678,9,2023-08-27 15:58:01.0,166.13333333333333
2023-08-27 15:58:07.0,0.32074995963157305,2023-08-27 15:58:07.0,160.26666666666668,2023-08-27 15:58:07.0,14,2023-08-27 15:58:07.0,98.46550266821926,2023-08-27 15:58:07.0,771960,2023-08-27 15:58:07.0,578320.0,2023-08-27 15:58:07.0,488.50708801744,2023-08-27 15:58:07.0,980.8136156081362,8,2023-08-27 15:58:07.0,160.0666666666667
2023-08-27 15:58:13.0,0.3457748711249129,2023-08-27 15:58:13.0,160.73333333333335,2023-08-27 15:58:13.0,14,2023-08-27 15:58:13.0,98.46835717150543,2023-08-27 15:58:13.0,772680,2023-08-27 15:58:13.0,579367.0,2023-08-27 15:58:13.0,487.2531466431503,2023-08-27 15:58:13.0,980.0,9,2023-08-27 15:58:13.0,160.73333333333335
2023-08-27 15:58:19.0,0.3278444879139524,2023-08-27 15:58:19.0,161.99999999999997,2023-08-27 15:58:19.0,14,2023-08-27 15:58:19.0,98.47038112180796,2023-08-27 15:58:19.0,774840,2023-08-27 15:58:19.0,580269.0,2023-08-27 15:58:19.0,481.8219951255228,2023-08-27 15:58:19.0,980.0,9,2023-08-27 15:58:19.0,161.99999999999997
2023-08-27 15:58:25.0,0.3358660954309354,2023-08-27 15:58:25.0,162.4,2023-08-27 15:58:25.0,14,2023-08-27 15:58:25.0,98.4726918572674,2023-08-27 15:58:25.0,775560,2023-08-27 15:58:25.0,581288.0,2023-08-27 15:58:25.0,481.2690285142703,2023-08-27 15:58:25.0,980.0000000000001,9,2023-08-27 15:58:25.0,162.4
2023-08-27 15:58:31.0,0.346526085516773,2023-08-27 15:58:31.0,165.13333333333333,2023-08-27 15:58:31.0,14,2023-08-27 15:58:31.0,98.47469271409084,2023-08-27 15:58:31.0,776280,2023-08-27 15:58:31.0,582270.0,2023-08-27 15:58:31.0,480.1840205641649,2023-08-27 15:58:31.0,980.0,9,2023-08-27 15:58:31.0,165.13333333333333
2023-08-27 15:58:37.0,0.3570261837223598,2023-08-27 15:58:37.0,161.4643737919083,2023-08-27 15:58:37.0,14,2023-08-27 15:58:37.0,98.4770056949493,2023-08-27 15:58:37.0,777720,2023-08-27 15:58:37.0,583244.0,2023-08-27 15:58:37.0,482.99997565141814,2023-08-27 15:58:37.0,980.0,9,2023-08-27 15:58:37.0,161.4643737919083
2023-08-27 15:58:43.0,0.3495350974441647,2023-08-27 15:58:43.0,157.33333333333334,2023-08-27 15:58:43.0,14,2023-08-27 15:58:43.0,98.4793494733145,2023-08-27 15:58:43.0,778440,2023-08-27 15:58:43.0,584162.0,2023-08-27 15:58:43.0,487.01176429450163,2023-08-27 15:58:43.0,980.0,8,2023-08-27 15:58:43.0,157.33333333333334
2023-08-27 15:58:49.0,0.34247660437180916,2023-08-27 15:58:49.0,156.20000000000002,2023-08-27 15:58:49.0,14,2023-08-27 15:58:49.0,98.48132664932521,2023-08-27 15:58:49.0,779160,2023-08-27 15:58:49.0,585059.0,2023-08-27 15:58:49.0,482.0739529381927,2023-08-27 15:58:49.0,979.9999999999999,8,2023-08-27 15:58:49.0,156.20000000000002
2023-08-27 15:58:55.0,0.3115723623122934,2023-08-27 15:58:55.0,156.19999999999996,2023-08-27 15:58:55.0,14,2023-08-27 15:58:55.0,98.48338012842255,2023-08-27 15:58:55.0,779880,2023-08-27 15:58:55.0,586012.0,2023-08-27 15:58:55.0,481.6840367689099,2023-08-27 15:58:55.0,979.9999999999999,8,2023-08-27 15:58:55.0,156.19999999999996
2023-08-27 15:59:01.0,0.3421946930973144,2023-08-27 15:59:01.0,161.93333333333337,2023-08-27 15:59:01.0,14,2023-08-27 15:59:01.0,98.48544918486068,2023-08-27 15:59:01.0,780600,2023-08-27 15:59:01.0,587039.0,2023-08-27 15:59:01.0,480.51591294569204,2023-08-27 15:59:01.0,980.4096989966557,9,2023-08-27 15:59:01.0,161.93333333333337
2023-08-27 15:59:07.0,0.33293318097215935,2023-08-27 15:59:07.0,160.7333333333333,2023-08-27 15:59:07.0,14,2023-08-27 15:59:07.0,98.48772985622098,2023-08-27 15:59:07.0,782040,2023-08-27 15:59:07.0,587972.0,2023-08-27 15:59:07.0,486.4637528387748,2023-08-27 15:59:07.0,983.2436905254447,9,2023-08-27 15:59:07.0,160.7333333333333
2023-08-27 15:59:13.0,0.3214938362815781,2023-08-27 15:59:13.0,159.53333333333333,2023-08-27 15:59:13.0,14,2023-08-27 15:59:13.0,98.49016847936848,2023-08-27 15:59:13.0,782760,2023-08-27 15:59:13.0,588952.0,2023-08-27 15:59:13.0,485.8726576128125,2023-08-27 15:59:13.0,983.2504145936983,8,2023-08-27 15:59:13.0,159.53333333333333
2023-08-27 15:59:19.0,0.3274865591307293,2023-08-27 15:59:19.0,157.9333333333333,2023-08-27 15:59:19.0,14,2023-08-27 15:59:19.0,98.49212059157163,2023-08-27 15:59:19.0,784920,2023-08-27 15:59:19.0,589897.0,2023-08-27 15:59:19.0,486.8382809778806,2023-08-27 15:59:19.0,982.8726968174205,8,2023-08-27 15:59:19.0,157.9333333333333
2023-08-27 15:59:25.0,0.3131391084297291,2023-08-27 15:59:25.0,155.06666666666666,2023-08-27 15:59:25.0,14,2023-08-27 15:59:25.0,98.49411335119171,2023-08-27 15:59:25.0,785640,2023-08-27 15:59:25.0,590839.0,2023-08-27 15:59:25.0,485.5168074644858,2023-08-27 15:59:25.0,980.0,8,2023-08-27 15:59:25.0,155.06666666666666
2023-08-27 15:59:31.0,0.33898504973606236,2023-08-27 15:59:31.0,156.6,2023-08-27 15:59:31.0,14,2023-08-27 15:59:31.0,98.49598614822156,2023-08-27 15:59:31.0,786240,2023-08-27 15:59:31.0,591786.0,2023-08-27 15:59:31.0,481.5980602361284,2023-08-27 15:59:31.0,980.0,8,2023-08-27 15:59:31.0,156.6
2023-08-27 15:59:37.0,0.3463035826716419,2023-08-27 15:59:37.0,157.77539868460678,2023-08-27 15:59:37.0,14,2023-08-27 15:59:37.0,98.49828245351428,2023-08-27 15:59:37.0,787800,2023-08-27 15:59:37.0,592718.0,2023-08-27 15:59:37.0,483.6123864272781,2023-08-27 15:59:37.0,980.0,8,2023-08-27 15:59:37.0,157.77539868460678
2023-08-27 15:59:43.0,0.334339583445217,2023-08-27 15:59:43.0,163.26666666666668,2023-08-27 15:59:43.0,14,2023-08-27 15:59:43.0,98.50075274877156,2023-08-27 15:59:43.0,788520,2023-08-27 15:59:43.0,593729.0,2023-08-27 15:59:43.0,487.4340362509278,2023-08-27 15:59:43.0,979.9999999999999,9,2023-08-27 15:59:43.0,163.26666666666668
2023-08-27 15:59:49.0,0.3504138906994742,2023-08-27 15:59:49.0,164.02747047393058,2023-08-27 15:59:49.0,14,2023-08-27 15:59:49.0,98.50274572961406,2023-08-27 15:59:49.0,789240,2023-08-27 15:59:49.0,594686.0,2023-08-27 15:59:49.0,489.9094988470977,2023-08-27 15:59:49.0,980.3960520442969,9,2023-08-27 15:59:49.0,164.02747047393058
2023-08-27 15:59:55.0,0.31238108775320045,2023-08-27 15:59:55.0,157.73333333333335,2023-08-27 15:59:55.0,14,2023-08-27 15:59:55.0,98.50474769493985,2023-08-27 15:59:55.0,789960,2023-08-27 15:59:55.0,595631.0,2023-08-27 15:59:55.0,485.77602728235075,2023-08-27 15:59:55.0,980.4107292539815,8,2023-08-27 15:59:55.0,157.73333333333335
2023-08-27 16:00:01.0,0.34493322596512116,2023-08-27 16:00:01.0,158.66666666666663,2023-08-27 16:00:01.0,14,2023-08-27 16:00:01.0,98.50662963473987,2023-08-27 16:00:01.0,791400,2023-08-27 16:00:01.0,596659.0,2023-08-27 16:00:01.0,480.20609678870244,2023-08-27 16:00:01.0,980.0,8,2023-08-27 16:00:01.0,158.66666666666663
2023-08-27 16:00:07.0,0.3405085902190801,2023-08-27 16:00:07.0,161.66666666666669,2023-08-27 16:00:07.0,14,2023-08-27 16:00:07.0,98.509004440438,2023-08-27 16:00:07.0,792120,2023-08-27 16:00:07.0,597582.0,2023-08-27 16:00:07.0,477.87407963848153,2023-08-27 16:00:07.0,979.9999999999999,9,2023-08-27 16:00:07.0,161.66666666666669
2023-08-27 16:00:13.0,0.32775688633062783,2023-08-27 16:00:13.0,164.66666666666663,2023-08-27 16:00:13.0,14,2023-08-27 16:00:13.0,98.51135055244097,2023-08-27 16:00:14.0,792840,2023-08-27 16:00:13.0,598545.0,2023-08-27 16:00:14.0,478.50979617227745,2023-08-27 16:00:14.0,980.0,9,2023-08-27 16:00:14.0,164.66666666666663
2023-08-27 16:00:20.0,0.3601096040079328,2023-08-27 16:00:20.0,161.39999999999998,2023-08-27 16:00:20.0,14,2023-08-27 16:00:20.0,98.5133085260148,2023-08-27 16:00:20.0,795000,2023-08-27 16:00:20.0,599517.0,2023-08-27 16:00:20.0,478.0607710037637,2023-08-27 16:00:20.0,980.0,9,2023-08-27 16:00:20.0,161.39999999999998
2023-08-27 16:00:26.0,0.3246500112422887,2023-08-27 16:00:26.0,158.8,2023-08-27 16:00:26.0,14,2023-08-27 16:00:26.0,98.51532801432884,2023-08-27 16:00:26.0,795720,2023-08-27 16:00:26.0,600504.0,2023-08-27 16:00:26.0,482.2874103322077,2023-08-27 16:00:26.0,980.0,8,2023-08-27 16:00:26.0,158.8
2023-08-27 16:00:32.0,0.3395530208006986,2023-08-27 16:00:32.0,160.79999999999995,2023-08-27 16:00:32.0,14,2023-08-27 16:00:32.0,98.5172257654969,2023-08-27 16:00:32.0,797160,2023-08-27 16:00:32.0,601532.0,2023-08-27 16:00:32.0,481.46437198964117,2023-08-27 16:00:32.0,980.0,9,2023-08-27 16:00:32.0,160.79999999999995
2023-08-27 16:00:38.0,0.32742749967391616,2023-08-27 16:00:38.0,162.06666666666666,2023-08-27 16:00:38.0,14,2023-08-27 16:00:38.0,98.51948965665119,2023-08-27 16:00:38.0,797880,2023-08-27 16:00:38.0,602429.0,2023-08-27 16:00:38.0,482.70776564066756,2023-08-27 16:00:38.0,980.0,9,2023-08-27 16:00:38.0,162.06666666666666
2023-08-27 16:00:44.0,0.32537815377122054,2023-08-27 16:00:44.0,165.6,2023-08-27 16:00:44.0,14,2023-08-27 16:00:44.0,98.52187503737419,2023-08-27 16:00:44.0,798600,2023-08-27 16:00:44.0,603450.0,2023-08-27 16:00:44.0,482.14679950222774,2023-08-27 16:00:44.0,980.0,9,2023-08-27 16:00:44.0,165.6
2023-08-27 16:00:50.0,0.3512676963523168,2023-08-27 16:00:50.0,168.5333333333333,2023-08-27 16:00:50.0,14,2023-08-27 16:00:50.0,98.52407352163826,2023-08-27 16:00:50.0,799320,2023-08-27 16:00:50.0,604535.0,2023-08-27 16:00:50.0,488.05946061874414,2023-08-27 16:00:50.0,980.0,9,2023-08-27 16:00:50.0,168.5333333333333
2023-08-27 16:00:56.0,0.31861998193638713,2023-08-27 16:00:56.0,166.26666666666665,2023-08-27 16:00:56.0,14,2023-08-27 16:00:56.0,98.5259981255906,2023-08-27 16:00:56.0,800040,2023-08-27 16:00:56.0,605460.0,2023-08-27 16:00:56.0,489.46001220738447,2023-08-27 16:00:56.0,980.0,9,2023-08-27 16:00:56.0,166.26666666666665
2023-08-27 16:01:02.0,0.3451546724833786,2023-08-27 16:01:02.0,160.73333333333335,2023-08-27 16:01:02.0,14,2023-08-27 16:01:02.0,98.52775006235865,2023-08-27 16:01:02.0,801480,2023-08-27 16:01:02.0,606444.0,2023-08-27 16:01:02.0,485.69508370889656,2023-08-27 16:01:02.0,980.0,9,2023-08-27 16:01:02.0,160.73333333333335
2023-08-27 16:01:08.0,0.3431166751640689,2023-08-27 16:01:08.0,153.93333333333334,2023-08-27 16:01:08.0,14,2023-08-27 16:01:08.0,98.52982186496703,2023-08-27 16:01:08.0,802200,2023-08-27 16:01:08.0,607236.0,2023-08-27 16:01:08.0,482.41987133720903,2023-08-27 16:01:08.0,980.0,8,2023-08-27 16:01:08.0,153.93333333333334
2023-08-27 16:01:14.0,0.3268507970192813,2023-08-27 16:01:14.0,149.6,2023-08-27 16:01:14.0,14,2023-08-27 16:01:14.0,98.53196579633833,2023-08-27 16:01:14.0,802920,2023-08-27 16:01:14.0,608180.0,2023-08-27 16:01:14.0,481.75176534524405,2023-08-27 16:01:14.0,979.9999999999999,8,2023-08-27 16:01:14.0,149.6
2023-08-27 16:01:20.0,0.33208304244216735,2023-08-27 16:01:20.0,150.60000000000002,2023-08-27 16:01:20.0,14,2023-08-27 16:01:20.0,98.53381084297426,2023-08-27 16:01:20.0,805080,2023-08-27 16:01:20.0,609172.0,2023-08-27 16:01:20.0,483.7193383853156,2023-08-27 16:01:20.0,980.0,8,2023-08-27 16:01:20.0,150.6
2023-08-27 16:01:26.0,0.32586419354617324,2023-08-27 16:01:26.0,154.5333333333333,2023-08-27 16:01:26.0,14,2023-08-27 16:01:26.0,98.53565439349929,2023-08-27 16:01:26.0,805800,2023-08-27 16:01:26.0,610024.0,2023-08-27 16:01:26.0,482.1245086562362,2023-08-27 16:01:26.0,979.9999999999999,8,2023-08-27 16:01:26.0,154.5333333333333
2023-08-27 16:01:32.0,0.32656570097504084,2023-08-27 16:01:32.0,154.8,2023-08-27 16:01:32.0,14,2023-08-27 16:01:32.0,98.5373640970926,2023-08-27 16:01:32.0,807240,2023-08-27 16:01:32.0,610990.0,2023-08-27 16:01:32.0,483.40543076043116,2023-08-27 16:01:32.0,980.0,8,2023-08-27 16:01:32.0,154.8
2023-08-27 16:01:38.0,0.31790212303205106,2023-08-27 16:01:38.0,154.19999999999996,2023-08-27 16:01:38.0,14,2023-08-27 16:01:38.0,98.53945980513632,2023-08-27 16:01:38.0,807960,2023-08-27 16:01:38.0,611832.0,2023-08-27 16:01:38.0,483.8717483859215,2023-08-27 16:01:38.0,980.0000000000001,8,2023-08-27 16:01:38.0,154.19999999999996
2023-08-27 16:01:44.0,0.30610804817394116,2023-08-27 16:01:44.0,156.73333333333335,2023-08-27 16:01:44.0,14,2023-08-27 16:01:44.0,98.54181082430118,2023-08-27 16:01:44.0,808680,2023-08-27 16:01:44.0,612870.0,2023-08-27 16:01:44.0,482.1056583938451,2023-08-27 16:01:44.0,980.0000000000001,8,2023-08-27 16:01:44.0,156.73333333333335
2023-08-27 16:01:50.0,0.3249769784299838,2023-08-27 16:01:50.0,160.1333333333333,2023-08-27 16:01:50.0,14,2023-08-27 16:01:50.0,98.5437223280149,2023-08-27 16:01:50.0,809400,2023-08-27 16:01:50.0,613900.0,2023-08-27 16:01:50.0,487.3350044785237,2023-08-27 16:01:50.0,980.4086738949123,8,2023-08-27 16:01:50.0,160.1333333333333
2023-08-27 16:01:56.0,0.2996601988690004,2023-08-27 16:01:56.0,158.26666666666665,2023-08-27 16:01:56.0,14,2023-08-27 16:01:56.0,98.5455581503512,2023-08-27 16:01:56.0,810120,2023-08-27 16:01:56.0,614742.0,2023-08-27 16:01:56.0,485.1513427088488,2023-08-27 16:01:56.0,980.4095277893856,8,2023-08-27 16:01:56.0,158.26666666666665
2023-08-27 16:02:02.0,0.3276275824635294,2023-08-27 16:02:02.0,158.73333333333335,2023-08-27 16:02:02.0,14,2023-08-27 16:02:02.0,98.54734861009646,2023-08-27 16:02:02.0,811560,2023-08-27 16:02:02.0,615772.0,2023-08-27 16:02:02.0,483.1192851105959,2023-08-27 16:02:02.0,980.4107292539815,8,2023-08-27 16:02:02.0,158.73333333333335
2023-08-27 16:02:08.0,0.3286385068674947,2023-08-27 16:02:08.0,160.6635030658491,2023-08-27 16:02:08.0,14,2023-08-27 16:02:08.0,98.5494914800531,2023-08-27 16:02:08.0,812280,2023-08-27 16:02:08.0,616650.0,2023-08-27 16:02:08.0,484.56066006338085,2023-08-27 16:02:08.0,980.4076615051441,9,2023-08-27 16:02:08.0,161.13016973251578
2023-08-27 16:02:14.0,0.3237674857587541,2023-08-27 16:02:14.0,158.93333333333334,2023-08-27 16:02:14.0,14,2023-08-27 16:02:14.0,98.55172951145784,2023-08-27 16:02:14.0,813000,2023-08-27 16:02:14.0,617650.0,2023-08-27 16:02:14.0,482.8744004802351,2023-08-27 16:02:14.0,980.4126315789473,8,2023-08-27 16:02:14.0,158.93333333333334
2023-08-27 16:02:20.0,0.3238516379513447,2023-08-27 16:02:20.0,155.39999999999998,2023-08-27 16:02:20.0,14,2023-08-27 16:02:20.0,98.55354366974073,2023-08-27 16:02:20.0,815160,2023-08-27 16:02:20.0,618618.0,2023-08-27 16:02:20.0,484.93406714517465,2023-08-27 16:02:20.0,980.4173764906303,8,2023-08-27 16:02:20.0,155.4
2023-08-27 16:02:26.0,0.3205907995185403,2023-08-27 16:02:26.0,149.26944073975278,2023-08-27 16:02:26.0,14,2023-08-27 16:02:26.0,98.55514498495056,2023-08-27 16:02:26.0,815880,2023-08-27 16:02:26.0,619391.0,2023-08-27 16:02:26.0,481.31351805686495,2023-08-27 16:02:26.0,980.0,8,2023-08-27 16:02:26.0,149.26944073975278
2023-08-27 16:02:32.0,0.3275797560079455,2023-08-27 16:02:32.0,148.33333333333331,2023-08-27 16:02:32.0,14,2023-08-27 16:02:32.0,98.55677155777846,2023-08-27 16:02:32.0,817320,2023-08-27 16:02:32.0,620343.0,2023-08-27 16:02:32.0,483.71885518311933,2023-08-27 16:02:32.0,980.0000000000001,8,2023-08-27 16:02:32.0,148.33333333333331
2023-08-27 16:02:38.0,0.3209417696318694,2023-08-27 16:02:38.0,146.66666666666663,2023-08-27 16:02:38.0,14,2023-08-27 16:02:38.0,98.55876180995541,2023-08-27 16:02:38.0,818040,2023-08-27 16:02:38.0,621197.0,2023-08-27 16:02:38.0,483.19682914661945,2023-08-27 16:02:38.0,980.4450499545867,8,2023-08-27 16:02:38.0,146.66666666666663
2023-08-27 16:02:44.0,0.31074961619668506,2023-08-27 16:02:44.0,151.66666666666669,2023-08-27 16:02:44.0,14,2023-08-27 16:02:44.0,98.56092562050964,2023-08-27 16:02:44.0,818760,2023-08-27 16:02:44.0,622135.0,2023-08-27 16:02:44.0,482.52072026244906,2023-08-27 16:02:44.0,980.431718061674,8,2023-08-27 16:02:44.0,151.66666666666669
2023-08-27 16:02:50.0,0.32150409356402854,2023-08-27 16:02:50.0,153.66666666666666,2023-08-27 16:02:50.0,14,2023-08-27 16:02:50.0,98.56263498268773,2023-08-27 16:02:50.0,819480,2023-08-27 16:02:50.0,623097.0,2023-08-27 16:02:50.0,483.0668367213159,2023-08-27 16:02:50.0,980.0,8,2023-08-27 16:02:50.0,153.66666666666666
2023-08-27 16:02:56.0,0.30311358450086856,2023-08-27 16:02:56.0,152.2,2023-08-27 16:02:56.0,14,2023-08-27 16:02:56.0,98.56433093455136,2023-08-27 16:02:56.0,820200,2023-08-27 16:02:56.0,623910.0,2023-08-27 16:02:56.0,482.5929927869221,2023-08-27 16:02:56.0,980.0,8,2023-08-27 16:02:56.0,152.2
2023-08-27 16:03:02.0,0.3128022375077804,2023-08-27 16:03:02.0,157.4,2023-08-27 16:03:02.0,13,2023-08-27 16:03:02.0,98.5661526781065,2023-08-27 16:03:02.0,821580,2023-08-27 16:03:02.0,619415.0,2023-08-27 16:03:02.0,483.0542866281039,2023-08-27 16:03:02.0,980.0,8,2023-08-27 16:03:02.0,157.4
2023-08-27 16:03:08.0,0.3117858705674355,2023-08-27 16:03:08.0,155.73333333333332,2023-08-27 16:03:08.0,13,2023-08-27 16:03:08.0,98.56815436210361,2023-08-27 16:03:08.0,822240,2023-08-27 16:03:08.0,620317.0,2023-08-27 16:03:08.0,483.76756648613156,2023-08-27 16:03:08.0,980.0,8,2023-08-27 16:03:08.0,155.73333333333332
2023-08-27 16:03:14.0,0.3091407792348293,2023-08-27 16:03:14.0,154.8,2023-08-27 16:03:14.0,13,2023-08-27 16:03:14.0,98.57024998654168,2023-08-27 16:03:14.0,822900,2023-08-27 16:03:14.0,621234.0,2023-08-27 16:03:14.0,483.8474594117859,2023-08-27 16:03:14.0,980.0,8,2023-08-27 16:03:14.0,154.8
2023-08-27 16:03:20.0,0.34850322460545885,2023-08-27 16:03:20.0,151.59999999999997,2023-08-27 16:03:20.0,13,2023-08-27 16:03:20.0,98.57199210302973,2023-08-27 16:03:20.0,825000,2023-08-27 16:03:20.0,622189.0,2023-08-27 16:03:20.0,484.3700584260838,2023-08-27 16:03:20.0,980.0000000000001,8,2023-08-27 16:03:20.0,151.59999999999997
2023-08-27 16:03:26.0,0.3382301784481673,2023-08-27 16:03:26.0,155.13333333333333,2023-08-27 16:03:26.0,13,2023-08-27 16:03:26.0,98.57375288764217,2023-08-27 16:03:26.0,825660,2023-08-27 16:03:26.0,623094.0,2023-08-27 16:03:26.0,483.87627106206446,2023-08-27 16:03:26.0,980.0,8,2023-08-27 16:03:26.0,155.13333333333333
2023-08-27 16:03:32.0,0.3423987392629211,2023-08-27 16:03:32.0,158.1333333333333,2023-08-27 16:03:32.0,13,2023-08-27 16:03:32.0,98.57551994679982,2023-08-27 16:03:32.0,826980,2023-08-27 16:03:32.0,624096.0,2023-08-27 16:03:32.0,481.8291204905609,2023-08-27 16:03:32.0,980.0,8,2023-08-27 16:03:32.0,158.1333333333333
2023-08-27 16:03:38.0,0.334363511396435,2023-08-27 16:03:38.0,161.86666666666667,2023-08-27 16:03:38.0,13,2023-08-27 16:03:38.0,98.5775424307228,2023-08-27 16:03:38.0,827640,2023-08-27 16:03:38.0,625019.0,2023-08-27 16:03:38.0,479.5511720953617,2023-08-27 16:03:38.0,980.0,9,2023-08-27 16:03:38.0,161.86666666666667
2023-08-27 16:03:44.0,0.32420358497693735,2023-08-27 16:03:44.0,160.46666666666667,2023-08-27 16:03:44.0,13,2023-08-27 16:03:44.0,98.57975456320801,2023-08-27 16:03:44.0,828300,2023-08-27 16:03:44.0,626000.0,2023-08-27 16:03:44.0,482.94296673895053,2023-08-27 16:03:44.0,980.4088443888195,8,2023-08-27 16:03:44.0,160.46666666666667
2023-08-27 16:03:50.0,0.36253187146479043,2023-08-27 16:03:50.0,159.8,2023-08-27 16:03:50.0,13,2023-08-27 16:03:50.0,98.58152594193783,2023-08-27 16:03:50.0,828960,2023-08-27 16:03:50.0,626974.0,2023-08-27 16:03:50.0,481.49626917451104,2023-08-27 16:03:50.0,980.4093567251462,8,2023-08-27 16:03:50.0,159.8
2023-08-27 16:03:56.0,0.3548011910214443,2023-08-27 16:03:56.0,154.46666666666664,2023-08-27 16:03:56.0,13,2023-08-27 16:03:56.0,98.58318040470685,2023-08-27 16:03:56.0,829620,2023-08-27 16:03:56.0,627903.0,2023-08-27 16:03:56.0,479.1800106406611,2023-08-27 16:03:56.0,980.0000000000001,8,2023-08-27 16:03:56.0,154.46666666666664
2023-08-27 16:04:02.0,0.34900882694669555,2023-08-27 16:04:02.0,156.6,2023-08-27 16:04:02.0,13,2023-08-27 16:04:02.0,98.58486868417108,2023-08-27 16:04:02.0,830940,2023-08-27 16:04:02.0,628819.0,2023-08-27 16:04:02.0,481.00863384410326,2023-08-27 16:04:02.0,980.0,8,2023-08-27 16:04:02.0,156.6
2023-08-27 16:04:08.0,0.3526686335829012,2023-08-27 16:04:08.0,158.93333333333334,2023-08-27 16:04:08.0,13,2023-08-27 16:04:08.0,98.58691697755413,2023-08-27 16:04:08.0,831600,2023-08-27 16:04:08.0,629761.0,2023-08-27 16:04:08.0,476.6999230079655,2023-08-27 16:04:08.0,980.0000000000001,8,2023-08-27 16:04:08.0,158.93333333333334
2023-08-27 16:04:14.0,0.33775071111696797,2023-08-27 16:04:14.0,164.99999999999997,2023-08-27 16:04:14.0,13,2023-08-27 16:04:14.0,98.5891858099307,2023-08-27 16:04:14.0,833700,2023-08-27 16:04:14.0,630793.0,2023-08-27 16:04:14.0,481.077126403131,2023-08-27 16:04:14.0,980.0,9,2023-08-27 16:04:14.0,164.99999999999997
2023-08-27 16:04:20.0,0.35964933000317145,2023-08-27 16:04:20.0,167.33333333333331,2023-08-27 16:04:20.0,13,2023-08-27 16:04:20.0,98.59099773931973,2023-08-27 16:04:20.0,834360,2023-08-27 16:04:20.0,631792.0,2023-08-27 16:04:20.0,482.8535996433003,2023-08-27 16:04:20.0,980.0,9,2023-08-27 16:04:20.0,167.33333333333331
2023-08-27 16:04:26.0,0.33400435752816177,2023-08-27 16:04:26.0,153.86666666666665,2023-08-27 16:04:26.0,13,2023-08-27 16:04:26.0,98.59253900766801,2023-08-27 16:04:26.0,835020,2023-08-27 16:04:26.0,632679.0,2023-08-27 16:04:26.0,481.433846184403,2023-08-27 16:04:26.0,979.9999999999999,8,2023-08-27 16:04:26.0,153.86666666666665
2023-08-27 16:04:32.0,0.34589217186531956,2023-08-27 16:04:32.0,145.79999999999998,2023-08-27 16:04:32.0,13,2023-08-27 16:04:32.0,98.59405702581654,2023-08-27 16:04:32.0,836340,2023-08-27 16:04:32.0,633503.0,2023-08-27 16:04:32.0,483.5518274263071,2023-08-27 16:04:32.0,980.0,8,2023-08-27 16:04:32.0,145.79999999999995
2023-08-27 16:04:38.0,0.3547875302968494,2023-08-27 16:04:38.0,147.53333333333333,2023-08-27 16:04:38.0,13,2023-08-27 16:04:38.0,98.59634383994212,2023-08-27 16:04:38.0,837000,2023-08-27 16:04:38.0,634517.0,2023-08-27 16:04:38.0,484.46267079144513,2023-08-27 16:04:38.0,980.0000000000001,8,2023-08-27 16:04:38.0,147.53333333333333
2023-08-27 16:04:44.0,0.35391224000632576,2023-08-27 16:04:44.0,151.33333333333331,2023-08-27 16:04:44.0,13,2023-08-27 16:04:44.0,98.59803240093115,2023-08-27 16:04:44.0,837660,2023-08-27 16:04:44.0,635327.0,2023-08-27 16:04:44.0,487.8646700911007,2023-08-27 16:04:44.0,980.0,8,2023-08-27 16:04:44.0,151.33333333333331
2023-08-27 16:04:50.0,0.3518774225247624,2023-08-27 16:04:50.0,151.26666666666662,2023-08-27 16:04:50.0,13,2023-08-27 16:04:50.0,98.59962549388611,2023-08-27 16:04:50.0,838320,2023-08-27 16:04:50.0,636245.0,2023-08-27 16:04:50.0,484.37217023090926,2023-08-27 16:04:50.0,980.0,8,2023-08-27 16:04:50.0,151.26666666666665
2023-08-27 16:04:56.0,0.3139758975206459,2023-08-27 16:04:56.0,147.79413646055437,2023-08-27 16:04:56.0,13,2023-08-27 16:04:56.0,98.60115309642606,2023-08-27 16:04:56.0,838980,2023-08-27 16:04:56.0,637136.0,2023-08-27 16:04:56.0,479.77409825726636,2023-08-27 16:04:56.0,980.441657778162,8,2023-08-27 16:04:56.0,147.79413646055437
2023-08-27 16:05:02.0,0.33568495789621283,2023-08-27 16:05:02.0,145.59999999999997,2023-08-27 16:05:02.0,13,2023-08-27 16:05:02.0,98.60297756884238,2023-08-27 16:05:02.0,840300,2023-08-27 16:05:02.0,638042.0,2023-08-27 16:05:02.0,482.7615599648826,2023-08-27 16:05:02.0,980.4468764249887,8,2023-08-27 16:05:02.0,145.59999999999997
2023-08-27 16:05:08.0,0.29904246730967765,2023-08-27 16:05:08.0,144.26666666666665,2023-08-27 16:05:08.0,13,2023-08-27 16:05:08.0,98.60478708377056,2023-08-27 16:05:08.0,840960,2023-08-27 16:05:08.0,638887.0,2023-08-27 16:05:08.0,485.93317185950593,2023-08-27 16:05:08.0,980.4516129032261,8,2023-08-27 16:05:08.0,144.26666666666665
2023-08-27 16:05:14.0,0.30713577759754424,2023-08-27 16:05:14.0,138.4728566346496,2023-08-27 16:05:14.0,13,2023-08-27 16:05:14.0,98.60620934381171,2023-08-27 16:05:14.0,843060,2023-08-27 16:05:14.0,639658.0,2023-08-27 16:05:14.0,484.43432223842876,2023-08-27 16:05:14.0,980.0,7,2023-08-27 16:05:14.0,138.4728566346496
2023-08-27 16:05:20.0,0.32067506077986224,2023-08-27 16:05:20.0,138.0,2023-08-27 16:05:20.0,13,2023-08-27 16:05:20.0,98.60773596486221,2023-08-27 16:05:20.0,843720,2023-08-27 16:05:20.0,640473.0,2023-08-27 16:05:20.0,481.07201005979675,2023-08-27 16:05:20.0,979.9999999999999,7,2023-08-27 16:05:20.0,138.0
2023-08-27 16:05:26.0,0.3035447152117838,2023-08-27 16:05:26.0,139.0,2023-08-27 16:05:26.0,13,2023-08-27 16:05:26.0,98.60917221997039,2023-08-27 16:05:26.0,844380,2023-08-27 16:05:26.0,641330.0,2023-08-27 16:05:26.0,480.9511866260204,2023-08-27 16:05:26.0,980.0,7,2023-08-27 16:05:26.0,139.0
2023-08-27 16:05:32.0,0.30960336223877044,2023-08-27 16:05:32.0,141.0,2023-08-27 16:05:32.0,13,2023-08-27 16:05:32.0,98.61092880142742,2023-08-27 16:05:32.0,845700,2023-08-27 16:05:32.0,642210.0,2023-08-27 16:05:32.0,481.8499441436704,2023-08-27 16:05:32.0,980.0,8,2023-08-27 16:05:32.0,141.0
2023-08-27 16:05:38.0,0.3013191161439687,2023-08-27 16:05:38.0,142.15939236918442,2023-08-27 16:05:38.0,13,2023-08-27 16:05:38.0,98.61280349334275,2023-08-27 16:05:38.0,846360,2023-08-27 16:05:38.0,643111.0,2023-08-27 16:05:38.0,481.04533091863277,2023-08-27 16:05:38.0,979.9999999999999,8,2023-08-27 16:05:38.0,142.15939236918442
2023-08-27 16:05:44.0,0.28320081920344226,2023-08-27 16:05:44.0,147.93333333333334,2023-08-27 16:05:44.0,13,2023-08-27 16:05:44.0,98.6144660421923,2023-08-27 16:05:44.0,847020,2023-08-27 16:05:44.0,644006.0,2023-08-27 16:05:44.0,483.3520250676965,2023-08-27 16:05:44.0,979.9999999999999,8,2023-08-27 16:05:44.0,147.93333333333334
2023-08-27 16:05:50.0,0.2878191815647783,2023-08-27 16:05:50.0,147.9791931491269,2023-08-27 16:05:50.0,13,2023-08-27 16:05:50.0,98.61594643953111,2023-08-27 16:05:50.0,847680,2023-08-27 16:05:50.0,644809.0,2023-08-27 16:05:50.0,485.20145495691406,2023-08-27 16:05:50.0,980.4445087912725,8,2023-08-27 16:05:50.0,147.97919314912693
2023-08-27 16:05:56.0,0.28788794352465247,2023-08-27 16:05:56.0,147.33333333333334,2023-08-27 16:05:56.0,13,2023-08-27 16:05:56.0,98.61738225742181,2023-08-27 16:05:56.0,848340,2023-08-27 16:05:56.0,645688.0,2023-08-27 16:05:56.0,489.59775464675107,2023-08-27 16:05:56.0,980.4434389140274,8,2023-08-27 16:05:56.0,147.33333333333334
2023-08-27 16:06:02.0,0.33808560426977724,2023-08-27 16:06:02.0,148.06666666666666,2023-08-27 16:06:02.0,12,2023-08-27 16:06:02.0,98.61925320328872,2023-08-27 16:06:02.0,849600,2023-08-27 16:06:02.0,637205.0,2023-08-27 16:06:02.0,486.20042070289753,2023-08-27 16:06:02.0,980.4406474820144,8,2023-08-27 16:06:02.0,148.06666666666666
2023-08-27 16:06:08.0,0.33068895548357663,2023-08-27 16:06:08.0,144.9333333333333,2023-08-27 16:06:08.0,12,2023-08-27 16:06:08.0,98.62110814330373,2023-08-27 16:06:08.0,850200,2023-08-27 16:06:08.0,638091.0,2023-08-27 16:06:08.0,481.8120638408869,2023-08-27 16:06:08.0,980.0,8,2023-08-27 16:06:08.0,144.93333333333334
2023-08-27 16:06:14.0,0.30851790342499524,2023-08-27 16:06:14.0,144.2,2023-08-27 16:06:14.0,12,2023-08-27 16:06:14.0,98.62257378940032,2023-08-27 16:06:14.0,852240,2023-08-27 16:06:14.0,638916.0,2023-08-27 16:06:14.0,480.86654831058814,2023-08-27 16:06:14.0,980.0000000000001,8,2023-08-27 16:06:14.0,144.2
2023-08-27 16:06:20.0,0.32851858733511025,2023-08-27 16:06:20.0,135.99999999999997,2023-08-27 16:06:20.0,12,2023-08-27 16:06:20.0,98.62388939688314,2023-08-27 16:06:20.0,852840,2023-08-27 16:06:20.0,639672.0,2023-08-27 16:06:20.0,480.4718401195203,2023-08-27 16:06:20.0,980.0,7,2023-08-27 16:06:20.0,135.99999999999997
2023-08-27 16:06:26.0,0.340063372103733,2023-08-27 16:06:26.0,141.13333333333333,2023-08-27 16:06:26.0,12,2023-08-27 16:06:26.0,98.62540102188606,2023-08-27 16:06:26.0,853320,2023-08-27 16:06:26.0,640614.0,2023-08-27 16:06:26.0,485.1010449995514,2023-08-27 16:06:26.0,980.0,8,2023-08-27 16:06:26.0,141.13333333333333
2023-08-27 16:06:32.0,0.34561519712510425,2023-08-27 16:06:32.0,144.86666666666665,2023-08-27 16:06:32.0,12,2023-08-27 16:06:32.0,98.6271597030559,2023-08-27 16:06:32.0,854640,2023-08-27 16:06:32.0,641455.0,2023-08-27 16:06:32.0,484.02294106349126,2023-08-27 16:06:32.0,981.3542146476282,8,2023-08-27 16:06:32.0,144.86666666666665
2023-08-27 16:06:38.0,0.32650075537679657,2023-08-27 16:06:38.0,151.4,2023-08-27 16:06:38.0,12,2023-08-27 16:06:38.0,98.62914908025711,2023-08-27 16:06:38.0,855240,2023-08-27 16:06:38.0,642430.0,2023-08-27 16:06:38.0,487.8883796436211,2023-08-27 16:06:38.0,981.2872154115587,8,2023-08-27 16:06:38.0,151.4
2023-08-27 16:06:44.0,0.3190661009146137,2023-08-27 16:06:44.0,150.33333333333331,2023-08-27 16:06:44.0,12,2023-08-27 16:06:44.0,98.63069654000813,2023-08-27 16:06:44.0,855840,2023-08-27 16:06:44.0,643300.0,2023-08-27 16:06:44.0,481.5363751783974,2023-08-27 16:06:44.0,980.0,8,2023-08-27 16:06:44.0,150.33333333333331
2023-08-27 16:06:50.0,0.34530239953753106,2023-08-27 16:06:50.0,147.99999999999997,2023-08-27 16:06:50.0,12,2023-08-27 16:06:50.0,98.63211784242965,2023-08-27 16:06:50.0,856440,2023-08-27 16:06:50.0,644126.0,2023-08-27 16:06:50.0,479.92615591472463,2023-08-27 16:06:50.0,980.0000000000001,8,2023-08-27 16:06:50.0,147.99999999999997
2023-08-27 16:06:56.0,0.3356082222976442,2023-08-27 16:06:56.0,141.76666666666665,2023-08-27 16:06:56.0,12,2023-08-27 16:06:56.0,98.63350658284637,2023-08-27 16:06:56.0,857640,2023-08-27 16:06:56.0,645061.0,2023-08-27 16:06:56.0,483.6465758855309,2023-08-27 16:06:56.0,980.0,8,2023-08-27 16:06:56.0,142.1333333333333
2023-08-27 16:07:02.0,0.34814367129359236,2023-08-27 16:07:02.0,144.06666666666663,2023-08-27 16:07:02.0,12,2023-08-27 16:07:02.0,98.63525359049117,2023-08-27 16:07:02.0,858240,2023-08-27 16:07:02.0,645868.0,2023-08-27 16:07:02.0,478.9358013766732,2023-08-27 16:07:02.0,979.9999999999999,8,2023-08-27 16:07:02.0,144.06666666666663
2023-08-27 16:07:08.0,0.34733229533425125,2023-08-27 16:07:08.0,139.59999999999997,2023-08-27 16:07:08.0,12,2023-08-27 16:07:08.0,98.63698634527847,2023-08-27 16:07:08.0,858840,2023-08-27 16:07:08.0,646715.0,2023-08-27 16:07:08.0,483.39086049167764,2023-08-27 16:07:08.0,980.0,7,2023-08-27 16:07:09.0,139.59999999999997
2023-08-27 16:07:15.0,0.35220838456710923,2023-08-27 16:07:15.0,137.6,2023-08-27 16:07:15.0,12,2023-08-27 16:07:15.0,98.63838739863795,2023-08-27 16:07:15.0,860880,2023-08-27 16:07:15.0,647511.0,2023-08-27 16:07:15.0,484.2420633089934,2023-08-27 16:07:15.0,979.9999999999999,7,2023-08-27 16:07:15.0,137.6
2023-08-27 16:07:21.0,0.34030372057947317,2023-08-27 16:07:21.0,132.66666666666666,2023-08-27 16:07:21.0,12,2023-08-27 16:07:21.0,98.63965787161263,2023-08-27 16:07:21.0,861480,2023-08-27 16:07:21.0,648247.0,2023-08-27 16:07:21.0,488.27323690766593,2023-08-27 16:07:21.0,980.0000000000001,7,2023-08-27 16:07:21.0,132.66666666666666
2023-08-27 16:07:27.0,0.31283757075040186,2023-08-27 16:07:27.0,128.66666666666669,2023-08-27 16:07:27.0,12,2023-08-27 16:07:27.0,98.64088102859935,2023-08-27 16:07:27.0,862680,2023-08-27 16:07:27.0,649098.0,2023-08-27 16:07:27.0,484.45067105309715,2023-08-27 16:07:27.0,980.0,7,2023-08-27 16:07:27.0,128.66666666666669
2023-08-27 16:07:33.0,0.31112633896118824,2023-08-27 16:07:33.0,128.33333333333334,2023-08-27 16:07:33.0,12,2023-08-27 16:07:33.0,98.64239603877577,2023-08-27 16:07:33.0,863280,2023-08-27 16:07:33.0,649789.0,2023-08-27 16:07:33.0,485.2964732984225,2023-08-27 16:07:33.0,980.0,7,2023-08-27 16:07:33.0,128.33333333333334
2023-08-27 16:07:39.0,0.3098600771041276,2023-08-27 16:07:39.0,130.39850686575122,2023-08-27 16:07:39.0,12,2023-08-27 16:07:39.0,98.64406753617442,2023-08-27 16:07:39.0,863880,2023-08-27 16:07:39.0,650612.0,2023-08-27 16:07:39.0,485.6098242454761,2023-08-27 16:07:39.0,980.0,7,2023-08-27 16:07:39.0,130.39850686575122
2023-08-27 16:07:45.0,0.2966224792253193,2023-08-27 16:07:45.0,129.26666666666665,2023-08-27 16:07:45.0,12,2023-08-27 16:07:45.0,98.64533664440502,2023-08-27 16:07:45.0,864480,2023-08-27 16:07:45.0,651349.0,2023-08-27 16:07:45.0,484.4043736470962,2023-08-27 16:07:45.0,980.0,7,2023-08-27 16:07:45.0,129.26666666666665
2023-08-27 16:07:51.0,0.29725705437047517,2023-08-27 16:07:51.0,131.06798239765303,2023-08-27 16:07:51.0,12,2023-08-27 16:07:51.0,98.6466659076024,2023-08-27 16:07:51.0,865080,2023-08-27 16:07:51.0,652133.0,2023-08-27 16:07:51.0,481.8159450015037,2023-08-27 16:07:51.0,980.0,7,2023-08-27 16:07:51.0,131.06798239765303
2023-08-27 16:07:57.0,0.29459477166075143,2023-08-27 16:07:57.0,132.33333333333334,2023-08-27 16:07:57.0,12,2023-08-27 16:07:57.0,98.64794835228044,2023-08-27 16:07:57.0,866280,2023-08-27 16:07:57.0,653007.0,2023-08-27 16:07:57.0,481.92488705428474,2023-08-27 16:07:57.0,979.9999999999999,7,2023-08-27 16:07:57.0,132.33333333333334
2023-08-27 16:08:03.0,0.3001677156838266,2023-08-27 16:08:03.0,133.0666666666667,2023-08-27 16:08:03.0,12,2023-08-27 16:08:03.0,98.64949070199484,2023-08-27 16:08:03.0,866880,2023-08-27 16:08:03.0,653740.0,2023-08-27 16:08:03.0,481.9261767236383,2023-08-27 16:08:03.0,980.0,7,2023-08-27 16:08:03.0,133.0666666666667
2023-08-27 16:08:09.0,0.2903030886136893,2023-08-27 16:08:09.0,134.33333333333337,2023-08-27 16:08:09.0,12,2023-08-27 16:08:09.0,98.65126060039408,2023-08-27 16:08:09.0,867480,2023-08-27 16:08:09.0,654629.0,2023-08-27 16:08:09.0,482.55207086749806,2023-08-27 16:08:09.0,979.9999999999999,7,2023-08-27 16:08:09.0,134.33333333333337
2023-08-27 16:08:15.0,0.30737429093312224,2023-08-27 16:08:15.0,137.13333333333335,2023-08-27 16:08:15.0,12,2023-08-27 16:08:15.0,98.65265435081952,2023-08-27 16:08:15.0,869520,2023-08-27 16:08:15.0,655473.0,2023-08-27 16:08:15.0,484.99993314337075,2023-08-27 16:08:15.0,980.0,7,2023-08-27 16:08:15.0,137.13333333333335
2023-08-27 16:08:21.0,0.29728632052540827,2023-08-27 16:08:21.0,139.1333333333333,2023-08-27 16:08:21.0,12,2023-08-27 16:08:21.0,98.65400421464506,2023-08-27 16:08:21.0,870120,2023-08-27 16:08:21.0,656234.0,2023-08-27 16:08:21.0,484.7080588611063,2023-08-27 16:08:21.0,980.0000000000001,7,2023-08-27 16:08:21.0,139.1333333333333
2023-08-27 16:08:27.0,0.2744000924760294,2023-08-27 16:08:27.0,137.66666666666666,2023-08-27 16:08:27.0,12,2023-08-27 16:08:27.0,98.65524092965818,2023-08-27 16:08:27.0,871320,2023-08-27 16:08:27.0,657116.0,2023-08-27 16:08:27.0,484.22057999459724,2023-08-27 16:08:27.0,980.0,7,2023-08-27 16:08:27.0,137.66666666666666
2023-08-27 16:08:33.0,0.29980466717593207,2023-08-27 16:08:33.0,136.0,2023-08-27 16:08:33.0,12,2023-08-27 16:08:33.0,98.6568502839111,2023-08-27 16:08:33.0,871920,2023-08-27 16:08:33.0,657859.0,2023-08-27 16:08:33.0,481.36826317175087,2023-08-27 16:08:33.0,980.0,7,2023-08-27 16:08:33.0,136.0
2023-08-27 16:08:39.0,0.31082429017675567,2023-08-27 16:08:39.0,139.33333333333331,2023-08-27 16:08:39.0,12,2023-08-27 16:08:39.0,98.6586490278687,2023-08-27 16:08:39.0,872520,2023-08-27 16:08:39.0,658803.0,2023-08-27 16:08:39.0,480.536590245709,2023-08-27 16:08:39.0,980.0000000000001,7,2023-08-27 16:08:39.0,139.33333333333331
2023-08-27 16:08:45.0,0.30894645144482,2023-08-27 16:08:45.0,138.0,2023-08-27 16:08:45.0,12,2023-08-27 16:08:45.0,98.6599348029264,2023-08-27 16:08:45.0,873120,2023-08-27 16:08:45.0,659590.0,2023-08-27 16:08:45.0,478.900079569019,2023-08-27 16:08:45.0,980.0000000000001,7,2023-08-27 16:08:45.0,138.0
2023-08-27 16:08:51.0,0.321106460122098,2023-08-27 16:08:51.0,137.13333333333335,2023-08-27 16:08:51.0,12,2023-08-27 16:08:51.0,98.66128848570797,2023-08-27 16:08:51.0,873720,2023-08-27 16:08:51.0,660363.0,2023-08-27 16:08:51.0,480.68831698677315,2023-08-27 16:08:51.0,980.0,7,2023-08-27 16:08:51.0,137.13333333333335
2023-08-27 16:08:57.0,0.3307605159467164,2023-08-27 16:08:57.0,140.2,2023-08-27 16:08:57.0,12,2023-08-27 16:08:57.0,98.6625885468421,2023-08-27 16:08:57.0,874920,2023-08-27 16:08:57.0,661260.0,2023-08-27 16:08:57.0,485.5191652153696,2023-08-27 16:08:57.0,980.0,7,2023-08-27 16:08:57.0,140.2
2023-08-27 16:09:03.0,0.30264032652838857,2023-08-27 16:09:03.0,141.33333333333331,2023-08-27 16:09:03.0,11,2023-08-27 16:09:03.0,98.6642191267874,2023-08-27 16:09:03.0,875460,2023-08-27 16:09:03.0,650402.0,2023-08-27 16:09:03.0,482.7494158827117,2023-08-27 16:09:03.0,980.0,8,2023-08-27 16:09:03.0,141.33333333333331
2023-08-27 16:09:09.0,0.3508674597917469,2023-08-27 16:09:09.0,138.33333333333331,2023-08-27 16:09:09.0,11,2023-08-27 16:09:09.0,98.6659405266063,2023-08-27 16:09:09.0,876000,2023-08-27 16:09:09.0,651334.0,2023-08-27 16:09:09.0,485.79513575132734,2023-08-27 16:09:09.0,979.9999999999999,7,2023-08-27 16:09:09.0,138.33333333333331
2023-08-27 16:09:15.0,0.33286959474102823,2023-08-27 16:09:15.0,135.46666666666664,2023-08-27 16:09:15.0,11,2023-08-27 16:09:15.0,98.66721251651552,2023-08-27 16:09:15.0,877980,2023-08-27 16:09:15.0,652111.0,2023-08-27 16:09:15.0,489.2808013251576,2023-08-27 16:09:15.0,980.0000000000001,7,2023-08-27 16:09:15.0,135.46666666666667
2023-08-27 16:09:21.0,0.35730590120508343,2023-08-27 16:09:21.0,131.06666666666663,2023-08-27 16:09:21.0,11,2023-08-27 16:09:21.0,98.66838402318808,2023-08-27 16:09:21.0,878520,2023-08-27 16:09:21.0,652797.0,2023-08-27 16:09:21.0,484.08720574723606,2023-08-27 16:09:21.0,980.0,7,2023-08-27 16:09:21.0,131.06666666666663
2023-08-27 16:09:27.0,0.34855315680057464,2023-08-27 16:09:27.0,131.1333333333333,2023-08-27 16:09:27.0,11,2023-08-27 16:09:27.0,98.66969788074212,2023-08-27 16:09:27.0,879600,2023-08-27 16:09:27.0,653674.0,2023-08-27 16:09:27.0,477.96679568975287,2023-08-27 16:09:27.0,980.0,7,2023-08-27 16:09:27.0,131.13333333333333
2023-08-27 16:09:33.0,0.3409134257576345,2023-08-27 16:09:33.0,130.86666666666667,2023-08-27 16:09:33.0,11,2023-08-27 16:09:33.0,98.67114667516655,2023-08-27 16:09:33.0,880140,2023-08-27 16:09:33.0,654430.0,2023-08-27 16:09:33.0,474.50857118121684,2023-08-27 16:09:33.0,980.0,7,2023-08-27 16:09:33.0,130.86666666666667
2023-08-27 16:09:39.0,0.34489398398819704,2023-08-27 16:09:39.0,132.66666666666669,2023-08-27 16:09:39.0,11,2023-08-27 16:09:39.0,98.67281241198279,2023-08-27 16:09:39.0,880680,2023-08-27 16:09:39.0,655278.0,2023-08-27 16:09:39.0,479.5008496983279,2023-08-27 16:09:39.0,980.0,7,2023-08-27 16:09:39.0,132.66666666666669
2023-08-27 16:09:45.0,0.324705666295611,2023-08-27 16:09:45.0,135.0,2023-08-27 16:09:45.0,11,2023-08-27 16:09:45.0,98.6741296531083,2023-08-27 16:09:45.0,881220,2023-08-27 16:09:45.0,656113.0,2023-08-27 16:09:45.0,485.7298998501937,2023-08-27 16:09:45.0,980.9731876861966,7,2023-08-27 16:09:45.0,135.0
2023-08-27 16:09:51.0,0.3269851679308362,2023-08-27 16:09:51.0,135.86666666666665,2023-08-27 16:09:51.0,11,2023-08-27 16:09:51.0,98.67534169265029,2023-08-27 16:09:51.0,881760,2023-08-27 16:09:51.0,656829.0,2023-08-27 16:09:51.0,485.6631018271637,2023-08-27 16:09:51.0,980.9688581314879,7,2023-08-27 16:09:51.0,135.86666666666665
2023-08-27 16:09:57.0,0.3237658929110779,2023-08-27 16:09:57.0,131.66666666666666,2023-08-27 16:09:57.0,11,2023-08-27 16:09:57.0,98.67655613871511,2023-08-27 16:09:57.0,882840,2023-08-27 16:09:57.0,657654.0,2023-08-27 16:09:57.0,481.14870984793976,2023-08-27 16:09:57.0,980.9944190766112,7,2023-08-27 16:09:57.0,131.66666666666666
2023-08-27 16:10:03.0,0.34263335076450235,2023-08-27 16:10:03.0,133.2,2023-08-27 16:10:03.0,11,2023-08-27 16:10:03.0,98.67811560355419,2023-08-27 16:10:03.0,883380,2023-08-27 16:10:03.0,658474.0,2023-08-27 16:10:03.0,482.45281185593007,2023-08-27 16:10:03.0,980.0,7,2023-08-27 16:10:03.0,133.2
2023-08-27 16:10:09.0,0.3167636822599432,2023-08-27 16:10:09.0,134.0,2023-08-27 16:10:09.0,11,2023-08-27 16:10:09.0,98.67974237672114,2023-08-27 16:10:09.0,883920,2023-08-27 16:10:09.0,659301.0,2023-08-27 16:10:09.0,483.54728385912045,2023-08-27 16:10:09.0,979.9999999999999,7,2023-08-27 16:10:09.0,134.0
2023-08-27 16:10:15.0,0.3324849097939187,2023-08-27 16:10:15.0,135.53333333333333,2023-08-27 16:10:15.0,11,2023-08-27 16:10:15.0,98.68105801825436,2023-08-27 16:10:15.0,885900,2023-08-27 16:10:15.0,660145.0,2023-08-27 16:10:15.0,477.33098765515473,2023-08-27 16:10:15.0,979.9999999999999,7,2023-08-27 16:10:15.0,135.53333333333333
2023-08-27 16:10:21.0,0.33040991180096546,2023-08-27 16:10:21.0,132.73333333333332,2023-08-27 16:10:21.0,11,2023-08-27 16:10:21.0,98.68223517030847,2023-08-27 16:10:21.0,886440,2023-08-27 16:10:21.0,660902.0,2023-08-27 16:10:21.0,479.22393738919226,2023-08-27 16:10:21.0,980.0,7,2023-08-27 16:10:21.0,132.73333333333332
2023-08-27 16:10:27.0,0.2959906699278947,2023-08-27 16:10:27.0,132.6,2023-08-27 16:10:27.0,11,2023-08-27 16:10:27.0,98.68343135117482,2023-08-27 16:10:27.0,887520,2023-08-27 16:10:27.0,661663.0,2023-08-27 16:10:27.0,485.16742993751336,2023-08-27 16:10:27.0,980.0,7,2023-08-27 16:10:27.0,132.6
2023-08-27 16:10:33.0,0.33344649163228623,2023-08-27 16:10:33.0,129.46666666666667,2023-08-27 16:10:33.0,11,2023-08-27 16:10:33.0,98.68489009253315,2023-08-27 16:10:33.0,888060,2023-08-27 16:10:33.0,662444.0,2023-08-27 16:10:33.0,486.95397601287226,2023-08-27 16:10:33.0,980.0,7,2023-08-27 16:10:33.0,129.46666666666667
2023-08-27 16:10:39.0,0.3259469905689849,2023-08-27 16:10:39.0,133.33333333333334,2023-08-27 16:10:39.0,11,2023-08-27 16:10:39.0,98.68656093586333,2023-08-27 16:10:39.0,888600,2023-08-27 16:10:39.0,663313.0,2023-08-27 16:10:39.0,481.0070689206616,2023-08-27 16:10:39.0,980.0000000000001,7,2023-08-27 16:10:39.0,133.33333333333334
2023-08-27 16:10:45.0,0.30730949457440376,2023-08-27 16:10:45.0,133.86666666666667,2023-08-27 16:10:45.0,11,2023-08-27 16:10:45.0,98.68776243234039,2023-08-27 16:10:45.0,889140,2023-08-27 16:10:45.0,664100.0,2023-08-27 16:10:45.0,483.1047223775936,2023-08-27 16:10:45.0,980.0,7,2023-08-27 16:10:45.0,133.86666666666667
2023-08-27 16:10:51.0,0.34551105136528065,2023-08-27 16:10:51.0,133.66666666666663,2023-08-27 16:10:51.0,11,2023-08-27 16:10:51.0,98.68893030907203,2023-08-27 16:10:51.0,889680,2023-08-27 16:10:51.0,664919.0,2023-08-27 16:10:51.0,486.1983598009318,2023-08-27 16:10:51.0,980.0,7,2023-08-27 16:10:51.0,133.66666666666663
2023-08-27 16:10:57.0,0.3449759245042504,2023-08-27 16:10:57.0,136.66666666666666,2023-08-27 16:10:57.0,11,2023-08-27 16:10:57.0,98.69021438891942,2023-08-27 16:10:57.0,890760,2023-08-27 16:10:57.0,665681.0,2023-08-27 16:10:57.0,485.0149464958565,2023-08-27 16:10:57.0,980.0,7,2023-08-27 16:10:57.0,136.66666666666666
2023-08-27 16:11:03.0,0.3333700731875872,2023-08-27 16:11:03.0,136.26666666666665,2023-08-27 16:11:03.0,11,2023-08-27 16:11:03.0,98.69174698855666,2023-08-27 16:11:03.0,891300,2023-08-27 16:11:03.0,655190.0,2023-08-27 16:11:03.0,485.839460535824,2023-08-27 16:11:03.0,980.0,7,2023-08-27 16:11:03.0,136.26666666666665
2023-08-27 16:11:09.0,0.33681206529464985,2023-08-27 16:11:09.0,135.1333333333333,2023-08-27 16:11:09.0,11,2023-08-27 16:11:09.0,98.69338170755805,2023-08-27 16:11:09.0,891840,2023-08-27 16:11:09.0,656061.0,2023-08-27 16:11:09.0,485.2532929229935,2023-08-27 16:11:09.0,979.9999999999999,7,2023-08-27 16:11:09.0,135.1333333333333
2023-08-27 16:11:15.0,0.358624987183978,2023-08-27 16:11:15.0,134.5333333333333,2023-08-27 16:11:15.0,10,2023-08-27 16:11:15.0,98.69457847872623,2023-08-27 16:11:15.0,893760,2023-08-27 16:11:15.0,656855.0,2023-08-27 16:11:15.0,490.4402579033943,2023-08-27 16:11:15.0,980.0000000000001,7,2023-08-27 16:11:15.0,134.5333333333333
2023-08-27 16:11:21.0,0.376401445323971,2023-08-27 16:11:21.0,131.73333333333332,2023-08-27 16:11:21.0,10,2023-08-27 16:11:21.0,98.69576110367618,2023-08-27 16:11:21.0,894240,2023-08-27 16:11:21.0,657627.0,2023-08-27 16:11:21.0,487.7242091252512,2023-08-27 16:11:21.0,979.9999999999999,7,2023-08-27 16:11:21.0,131.73333333333332
2023-08-27 16:11:27.0,0.3602720993781708,2023-08-27 16:11:27.0,126.99999999999999,2023-08-27 16:11:27.0,10,2023-08-27 16:11:27.0,98.6968311482917,2023-08-27 16:11:27.0,895200,2023-08-27 16:11:27.0,658299.0,2023-08-27 16:11:27.0,486.92948549318965,2023-08-27 16:11:27.0,980.0,7,2023-08-27 16:11:27.0,126.99999999999999
2023-08-27 16:11:33.0,0.3547339538562727,2023-08-27 16:11:33.0,122.86666666666666,2023-08-27 16:11:33.0,10,2023-08-27 16:11:33.0,98.69848537982753,2023-08-27 16:11:33.0,895680,2023-08-27 16:11:33.0,659126.0,2023-08-27 16:11:33.0,479.6095774686634,2023-08-27 16:11:33.0,980.0000000000001,7,2023-08-27 16:11:33.0,122.86666666666666
2023-08-27 16:11:39.0,0.3611224043047905,2023-08-27 16:11:39.0,120.46666666666664,2023-08-27 16:11:39.0,10,2023-08-27 16:11:39.0,98.6996265507488,2023-08-27 16:11:39.0,896160,2023-08-27 16:11:39.0,659793.0,2023-08-27 16:11:39.0,477.40793693143644,2023-08-27 16:11:39.0,980.0,6,2023-08-27 16:11:39.0,120.46666666666664
2023-08-27 16:11:45.0,0.34993603351820624,2023-08-27 16:11:45.0,121.66666666666666,2023-08-27 16:11:45.0,10,2023-08-27 16:11:45.0,98.70067546137557,2023-08-27 16:11:45.0,896640,2023-08-27 16:11:45.0,660521.0,2023-08-27 16:11:45.0,477.9287986082446,2023-08-27 16:11:45.0,980.0,7,2023-08-27 16:11:45.0,121.66666666666666
2023-08-27 16:11:51.0,0.3463946743303018,2023-08-27 16:11:51.0,123.79999999999998,2023-08-27 16:11:51.0,10,2023-08-27 16:11:51.0,98.70184032183744,2023-08-27 16:11:51.0,897120,2023-08-27 16:11:51.0,661289.0,2023-08-27 16:11:51.0,481.62944787930456,2023-08-27 16:11:51.0,980.0,7,2023-08-27 16:11:51.0,123.79999999999998
2023-08-27 16:11:57.0,0.351933786177109,2023-08-27 16:11:57.0,129.8,2023-08-27 16:11:57.0,10,2023-08-27 16:11:57.0,98.70327707102672,2023-08-27 16:11:57.0,898080,2023-08-27 16:11:57.0,662098.0,2023-08-27 16:11:57.0,486.0685986811487,2023-08-27 16:11:57.0,980.0,7,2023-08-27 16:11:57.0,129.8
2023-08-27 16:12:03.0,0.3401501955889502,2023-08-27 16:12:03.0,131.33333333333331,2023-08-27 16:12:03.0,10,2023-08-27 16:12:03.0,98.7048162603466,2023-08-27 16:12:03.0,898560,2023-08-27 16:12:03.0,662951.0,2023-08-27 16:12:03.0,489.1235917497435,2023-08-27 16:12:03.0,980.0,7,2023-08-27 16:12:03.0,131.33333333333331
2023-08-27 16:12:09.0,0.33477582609781326,2023-08-27 16:12:09.0,131.86666666666665,2023-08-27 16:12:09.0,10,2023-08-27 16:12:09.0,98.7060014939339,2023-08-27 16:12:09.0,899040,2023-08-27 16:12:09.0,663717.0,2023-08-27 16:12:09.0,487.82430979474117,2023-08-27 16:12:09.0,980.0,7,2023-08-27 16:12:09.0,131.86666666666665
2023-08-27 16:12:15.0,0.31334141241156005,2023-08-27 16:12:15.0,130.06666666666666,2023-08-27 16:12:15.0,10,2023-08-27 16:12:15.0,98.70717108878932,2023-08-27 16:12:15.0,900960,2023-08-27 16:12:15.0,664453.0,2023-08-27 16:12:15.0,485.53489515399167,2023-08-27 16:12:15.0,980.0,7,2023-08-27 16:12:15.0,130.06666666666666
2023-08-27 16:12:21.0,0.36180197653181106,2023-08-27 16:12:21.0,131.73333333333335,2023-08-27 16:12:21.0,10,2023-08-27 16:12:21.0,98.708322372866,2023-08-27 16:12:21.0,901440,2023-08-27 16:12:21.0,665241.0,2023-08-27 16:12:21.0,488.37470310567363,2023-08-27 16:12:21.0,980.0,7,2023-08-27 16:12:21.0,131.73333333333335
2023-08-27 16:12:27.0,0.3679806145386801,2023-08-27 16:12:27.0,134.2,2023-08-27 16:12:27.0,10,2023-08-27 16:12:27.0,98.70979063277845,2023-08-27 16:12:27.0,902400,2023-08-27 16:12:27.0,666054.0,2023-08-27 16:12:27.0,480.39984555272076,2023-08-27 16:12:27.0,980.0,7,2023-08-27 16:12:27.0,134.2
2023-08-27 16:12:33.0,0.3741722468120593,2023-08-27 16:12:33.0,132.0,2023-08-27 16:12:33.0,10,2023-08-27 16:12:33.0,98.71128227004064,2023-08-27 16:12:33.0,902880,2023-08-27 16:12:33.0,666915.0,2023-08-27 16:12:33.0,484.4911065886664,2023-08-27 16:12:33.0,980.0,7,2023-08-27 16:12:33.0,132.0
2023-08-27 16:12:39.0,0.3543344400503371,2023-08-27 16:12:39.0,136.26666666666665,2023-08-27 16:12:39.0,10,2023-08-27 16:12:39.0,98.7125288256467,2023-08-27 16:12:39.0,903360,2023-08-27 16:12:39.0,667728.0,2023-08-27 16:12:39.0,487.48382764590974,2023-08-27 16:12:39.0,980.0,7,2023-08-27 16:12:39.0,136.26666666666665
2023-08-27 16:12:45.0,0.3609988702253879,2023-08-27 16:12:45.0,133.26666666666665,2023-08-27 16:12:45.0,10,2023-08-27 16:12:45.0,98.71369593337718,2023-08-27 16:12:45.0,903840,2023-08-27 16:12:45.0,668453.0,2023-08-27 16:12:45.0,488.0762335269284,2023-08-27 16:12:45.0,980.0,7,2023-08-27 16:12:45.0,133.26666666666665
2023-08-27 16:12:51.0,0.3810557924002964,2023-08-27 16:12:51.0,130.60000000000002,2023-08-27 16:12:51.0,10,2023-08-27 16:12:51.0,98.7148320116049,2023-08-27 16:12:51.0,904320,2023-08-27 16:12:51.0,669229.0,2023-08-27 16:12:51.0,486.3860268918768,2023-08-27 16:12:51.0,980.0,7,2023-08-27 16:12:51.0,130.60000000000002
2023-08-27 16:12:57.0,0.37509846876241804,2023-08-27 16:12:57.0,130.06666666666666,2023-08-27 16:12:57.0,10,2023-08-27 16:12:57.0,98.7161789706963,2023-08-27 16:12:57.0,905280,2023-08-27 16:12:57.0,669994.0,2023-08-27 16:12:57.0,482.6122059928648,2023-08-27 16:12:57.0,980.0,7,2023-08-27 16:12:57.0,130.06666666666666
2023-08-27 16:13:03.0,0.3655735064540496,2023-08-27 16:13:03.0,132.0,2023-08-27 16:13:03.0,10,2023-08-27 16:13:03.0,98.71777713319125,2023-08-27 16:13:03.0,905760,2023-08-27 16:13:03.0,670904.0,2023-08-27 16:13:03.0,484.73761386647277,2023-08-27 16:13:03.0,980.0,7,2023-08-27 16:13:03.0,132.0
2023-08-27 16:13:09.0,0.3690309587827908,2023-08-27 16:13:09.0,134.53333333333333,2023-08-27 16:13:09.0,10,2023-08-27 16:13:09.0,98.71893521923816,2023-08-27 16:13:09.0,906240,2023-08-27 16:13:09.0,671675.0,2023-08-27 16:13:09.0,481.12001288732324,2023-08-27 16:13:09.0,980.0,7,2023-08-27 16:13:09.0,134.53333333333333
2023-08-27 16:13:15.0,0.32514902923927413,2023-08-27 16:13:15.0,130.33333333333331,2023-08-27 16:13:15.0,10,2023-08-27 16:13:15.0,98.72004600620174,2023-08-27 16:13:15.0,908160,2023-08-27 16:13:15.0,672444.0,2023-08-27 16:13:15.0,486.7069415071301,2023-08-27 16:13:15.0,980.0,7,2023-08-27 16:13:15.0,130.33333333333331
2023-08-27 16:13:21.0,0.3882987927739273,2023-08-27 16:13:21.0,127.4,2023-08-27 16:13:21.0,10,2023-08-27 16:13:21.0,98.72115120319465,2023-08-27 16:13:21.0,908640,2023-08-27 16:13:21.0,673145.0,2023-08-27 16:13:21.0,487.56702727005813,2023-08-27 16:13:21.0,980.0,7,2023-08-27 16:13:21.0,127.4
2023-08-27 16:13:27.0,0.3769605614859299,2023-08-27 16:13:27.0,131.0,2023-08-27 16:13:27.0,10,2023-08-27 16:13:27.0,98.7225427832184,2023-08-27 16:13:27.0,909600,2023-08-27 16:13:27.0,673938.0,2023-08-27 16:13:27.0,485.5358916004214,2023-08-27 16:13:27.0,980.0,7,2023-08-27 16:13:27.0,131.0
2023-08-27 16:13:33.0,0.368110320705829,2023-08-27 16:13:33.0,128.93333333333334,2023-08-27 16:13:33.0,10,2023-08-27 16:13:33.0,98.723984790053,2023-08-27 16:13:33.0,910080,2023-08-27 16:13:33.0,674771.0,2023-08-27 16:13:33.0,484.162209995379,2023-08-27 16:13:33.0,980.0,7,2023-08-27 16:13:33.0,128.93333333333334
2023-08-27 16:13:39.0,0.35949488960419124,2023-08-27 16:13:39.0,132.60000000000002,2023-08-27 16:13:39.0,10,2023-08-27 16:13:39.0,98.72519380012133,2023-08-27 16:13:39.0,910560,2023-08-27 16:13:39.0,675583.0,2023-08-27 16:13:39.0,489.6904781840183,2023-08-27 16:13:39.0,979.9999999999999,7,2023-08-27 16:13:39.0,132.60000000000002
2023-08-27 16:13:45.0,0.32885144681945266,2023-08-27 16:13:45.0,133.2,2023-08-27 16:13:45.0,10,2023-08-27 16:13:45.0,98.72635684495754,2023-08-27 16:13:45.0,911040,2023-08-27 16:13:45.0,676384.0,2023-08-27 16:13:45.0,489.33914271499356,2023-08-27 16:13:45.0,980.0000000000001,7,2023-08-27 16:13:45.0,133.2
2023-08-27 16:13:51.0,0.36405051390674165,2023-08-27 16:13:51.0,137.6,2023-08-27 16:13:51.0,10,2023-08-27 16:13:51.0,98.72751951652859,2023-08-27 16:13:51.0,912000,2023-08-27 16:13:51.0,677135.0,2023-08-27 16:13:51.0,485.8164458911739,2023-08-27 16:13:51.0,979.9999999999999,7,2023-08-27 16:13:51.0,137.6
2023-08-27 16:13:57.0,0.3860357988151335,2023-08-27 16:13:57.0,133.9333333333333,2023-08-27 16:13:57.0,10,2023-08-27 16:13:57.0,98.72885006277554,2023-08-27 16:13:57.0,912480,2023-08-27 16:13:57.0,677898.0,2023-08-27 16:13:57.0,485.5010488357444,2023-08-27 16:13:57.0,980.0000000000001,7,2023-08-27 16:13:57.0,133.9333333333333
2023-08-27 16:14:03.0,0.3529353703501782,2023-08-27 16:14:03.0,132.39999999999998,2023-08-27 16:14:03.0,10,2023-08-27 16:14:03.0,98.73035570929513,2023-08-27 16:14:03.0,912960,2023-08-27 16:14:03.0,678797.0,2023-08-27 16:14:03.0,482.8636549567358,2023-08-27 16:14:03.0,980.0000000000001,7,2023-08-27 16:14:03.0,132.4
2023-08-27 16:14:09.0,0.38063556209868105,2023-08-27 16:14:09.0,131.2,2023-08-27 16:14:09.0,10,2023-08-27 16:14:09.0,98.73154487386813,2023-08-27 16:14:09.0,913440,2023-08-27 16:14:09.0,679576.0,2023-08-27 16:14:10.0,482.2810802001169,2023-08-27 16:14:10.0,979.9999999999999,7,2023-08-27 16:14:10.0,131.2
2023-08-27 16:14:16.0,0.3585760820002264,2023-08-27 16:14:16.0,130.0,2023-08-27 16:14:16.0,10,2023-08-27 16:14:16.0,98.73263641470881,2023-08-27 16:14:16.0,915360,2023-08-27 16:14:16.0,680338.0,2023-08-27 16:14:16.0,483.621340178887,2023-08-27 16:14:16.0,980.0000000000001,7,2023-08-27 16:14:16.0,130.0
2023-08-27 16:14:22.0,0.3866876544413788,2023-08-27 16:14:22.0,125.06666666666663,2023-08-27 16:14:22.0,10,2023-08-27 16:14:22.0,98.73369097149227,2023-08-27 16:14:22.0,916320,2023-08-27 16:14:22.0,681094.0,2023-08-27 16:14:22.0,484.60989478915195,2023-08-27 16:14:22.0,980.0,7,2023-08-27 16:14:22.0,125.06666666666663
2023-08-27 16:14:28.0,0.3721295304472685,2023-08-27 16:14:28.0,124.0,2023-08-27 16:14:28.0,10,2023-08-27 16:14:28.0,98.7349794788155,2023-08-27 16:14:28.0,916800,2023-08-27 16:14:28.0,681774.0,2023-08-27 16:14:28.0,485.7118145074803,2023-08-27 16:14:28.0,980.0,7,2023-08-27 16:14:28.0,124.0
2023-08-27 16:14:34.0,0.3748477434518706,2023-08-27 16:14:34.0,121.6,2023-08-27 16:14:34.0,10,2023-08-27 16:14:34.0,98.7363486181687,2023-08-27 16:14:34.0,917280,2023-08-27 16:14:34.0,682569.0,2023-08-27 16:14:34.0,486.5758422730589,2023-08-27 16:14:34.0,980.0,7,2023-08-27 16:14:34.0,121.6
2023-08-27 16:14:40.0,0.3763149885406238,2023-08-27 16:14:40.0,124.8,2023-08-27 16:14:40.0,10,2023-08-27 16:14:40.0,98.73746849284535,2023-08-27 16:14:40.0,917760,2023-08-27 16:14:40.0,683332.0,2023-08-27 16:14:40.0,488.2848063623956,2023-08-27 16:14:40.0,980.0,7,2023-08-27 16:14:40.0,124.8
2023-08-27 16:14:46.0,0.34056622627795563,2023-08-27 16:14:46.0,120.26666666666665,2023-08-27 16:14:46.0,10,2023-08-27 16:14:46.0,98.7384103493153,2023-08-27 16:14:46.0,918240,2023-08-27 16:14:46.0,684015.0,2023-08-27 16:14:46.0,482.8672569961445,2023-08-27 16:14:46.0,980.0,6,2023-08-27 16:14:46.0,120.26666666666665
2023-08-27 16:14:52.0,0.3313954012808201,2023-08-27 16:14:52.0,119.66666666666666,2023-08-27 16:14:52.0,10,2023-08-27 16:14:52.0,98.7394129910318,2023-08-27 16:14:52.0,919200,2023-08-27 16:14:52.0,684743.0,2023-08-27 16:14:52.0,481.1250631731106,2023-08-27 16:14:52.0,980.0,6,2023-08-27 16:14:52.0,119.66666666666666
2023-08-27 16:14:58.0,0.3430683656498612,2023-08-27 16:14:58.0,119.06666666666665,2023-08-27 16:14:58.0,10,2023-08-27 16:14:58.0,98.7406760938722,2023-08-27 16:14:58.0,919680,2023-08-27 16:14:58.0,685411.0,2023-08-27 16:14:58.0,478.91916968400056,2023-08-27 16:14:58.0,980.0,6,2023-08-27 16:14:58.0,119.06666666666665
2023-08-27 16:15:04.0,0.32139325479085246,2023-08-27 16:15:04.0,120.39999999999999,2023-08-27 16:15:04.0,10,2023-08-27 16:15:04.0,98.74208424366347,2023-08-27 16:15:04.0,920160,2023-08-27 16:15:04.0,686270.0,2023-08-27 16:15:04.0,481.83144551570655,2023-08-27 16:15:04.0,980.0,6,2023-08-27 16:15:04.0,120.39999999999999
2023-08-27 16:15:10.0,0.33202842492810053,2023-08-27 16:15:10.0,123.39999999999999,2023-08-27 16:15:10.0,10,2023-08-27 16:15:10.0,98.74312402672241,2023-08-27 16:15:10.0,920640,2023-08-27 16:15:10.0,687019.0,2023-08-27 16:15:10.0,481.1648346745985,2023-08-27 16:15:10.0,980.0,7,2023-08-27 16:15:10.0,123.39999999999999
2023-08-27 16:15:16.0,0.3221227680743279,2023-08-27 16:15:16.0,125.39999999999998,2023-08-27 16:15:16.0,10,2023-08-27 16:15:16.0,98.74416155555915,2023-08-27 16:15:16.0,922560,2023-08-27 16:15:16.0,687722.0,2023-08-27 16:15:16.0,481.4181474736265,2023-08-27 16:15:16.0,980.0,7,2023-08-27 16:15:16.0,125.39999999999998
2023-08-27 16:15:22.0,0.3327028372521525,2023-08-27 16:15:22.0,123.33333333333333,2023-08-27 16:15:22.0,10,2023-08-27 16:15:22.0,98.74515662924618,2023-08-27 16:15:22.0,923520,2023-08-27 16:15:22.0,688435.0,2023-08-27 16:15:22.0,482.36962797348104,2023-08-27 16:15:22.0,980.0,7,2023-08-27 16:15:22.0,123.33333333333333
2023-08-27 16:15:28.0,0.32056524388020435,2023-08-27 16:15:28.0,122.26666666666665,2023-08-27 16:15:28.0,10,2023-08-27 16:15:28.0,98.74637473761226,2023-08-27 16:15:28.0,924000,2023-08-27 16:15:28.0,689108.0,2023-08-27 16:15:28.0,479.1434278610535,2023-08-27 16:15:28.0,980.0,7,2023-08-27 16:15:28.0,122.26666666666665
2023-08-27 16:15:34.0,0.31673571768784087,2023-08-27 16:15:34.0,125.73333333333335,2023-08-27 16:15:34.0,10,2023-08-27 16:15:34.0,98.74788115978282,2023-08-27 16:15:34.0,924480,2023-08-27 16:15:34.0,690011.0,2023-08-27 16:15:34.0,478.0269471469413,2023-08-27 16:15:34.0,980.0,7,2023-08-27 16:15:34.0,125.73333333333335
2023-08-27 16:15:40.0,0.34243186556848987,2023-08-27 16:15:40.0,126.01914436845715,2023-08-27 16:15:40.0,10,2023-08-27 16:15:40.0,98.74889480293416,2023-08-27 16:15:40.0,924960,2023-08-27 16:15:40.0,690764.0,2023-08-27 16:15:40.0,478.0307486035555,2023-08-27 16:15:40.0,980.0,7,2023-08-27 16:15:40.0,126.01914436845713
2023-08-27 16:15:46.0,0.3218667258831194,2023-08-27 16:15:46.0,126.86666666666666,2023-08-27 16:15:46.0,10,2023-08-27 16:15:46.0,98.74996621510795,2023-08-27 16:15:46.0,925440,2023-08-27 16:15:46.0,691492.0,2023-08-27 16:15:46.0,478.73017445046054,2023-08-27 16:15:46.0,980.0000000000001,7,2023-08-27 16:15:46.0,126.86666666666666
2023-08-27 16:15:52.0,0.3376350818179284,2023-08-27 16:15:52.0,132.5847825601892,2023-08-27 16:15:52.0,10,2023-08-27 16:15:52.0,98.7510807527126,2023-08-27 16:15:52.0,926400,2023-08-27 16:15:52.0,692302.0,2023-08-27 16:15:52.0,483.2539279791987,2023-08-27 16:15:52.0,979.9999999999999,7,2023-08-27 16:15:52.0,132.5847825601892
2023-08-27 16:15:58.0,0.32940024520132694,2023-08-27 16:15:58.0,131.86666666666665,2023-08-27 16:15:58.0,10,2023-08-27 16:15:58.0,98.75236253955681,2023-08-27 16:15:58.0,926880,2023-08-27 16:15:58.0,692992.0,2023-08-27 16:15:58.0,486.31875402365336,2023-08-27 16:15:58.0,980.0,7,2023-08-27 16:15:58.0,131.86666666666665
2023-08-27 16:16:04.0,0.332268791925458,2023-08-27 16:16:04.0,126.39999999999999,2023-08-27 16:16:04.0,10,2023-08-27 16:16:04.0,98.75377722355164,2023-08-27 16:16:04.0,927360,2023-08-27 16:16:04.0,693875.0,2023-08-27 16:16:04.0,482.1077991746175,2023-08-27 16:16:04.0,980.0,7,2023-08-27 16:16:04.0,126.39999999999999
2023-08-27 16:16:10.0,0.3601014071942394,2023-08-27 16:16:10.0,124.93333333333334,2023-08-27 16:16:10.0,10,2023-08-27 16:16:10.0,98.75477921509098,2023-08-27 16:16:10.0,927840,2023-08-27 16:16:10.0,694610.0,2023-08-27 16:16:10.0,482.23523478198035,2023-08-27 16:16:10.0,980.0,7,2023-08-27 16:16:10.0,124.93333333333334
2023-08-27 16:16:16.0,0.34534219762361795,2023-08-27 16:16:16.0,124.6,2023-08-27 16:16:16.0,10,2023-08-27 16:16:16.0,98.75579100985092,2023-08-27 16:16:16.0,929760,2023-08-27 16:16:16.0,695304.0,2023-08-27 16:16:16.0,485.49671333603624,2023-08-27 16:16:16.0,980.0,7,2023-08-27 16:16:16.0,124.6
2023-08-27 16:16:22.0,0.3548252130490039,2023-08-27 16:16:22.0,123.19999999999999,2023-08-27 16:16:22.0,10,2023-08-27 16:16:22.0,98.7567614337712,2023-08-27 16:16:22.0,930720,2023-08-27 16:16:22.0,696033.0,2023-08-27 16:16:22.0,484.60938915503084,2023-08-27 16:16:22.0,980.0,7,2023-08-27 16:16:22.0,123.19999999999999
2023-08-27 16:16:28.0,0.3448514854107636,2023-08-27 16:16:28.0,120.86666666666665,2023-08-27 16:16:28.0,10,2023-08-27 16:16:28.0,98.75799156610707,2023-08-27 16:16:28.0,931200,2023-08-27 16:16:28.0,696740.0,2023-08-27 16:16:28.0,485.13225099069314,2023-08-27 16:16:28.0,980.0,7,2023-08-27 16:16:28.0,120.86666666666667
2023-08-27 16:16:34.0,0.35012305942020333,2023-08-27 16:16:34.0,118.86666666666666,2023-08-27 16:16:34.0,10,2023-08-27 16:16:34.0,98.75932790289717,2023-08-27 16:16:34.0,931680,2023-08-27 16:16:34.0,697520.0,2023-08-27 16:16:34.0,483.5323394922586,2023-08-27 16:16:34.0,980.0000000000001,6,2023-08-27 16:16:34.0,118.86666666666666
2023-08-27 16:16:40.0,0.3488358304470184,2023-08-27 16:16:40.0,117.6,2023-08-27 16:16:40.0,10,2023-08-27 16:16:40.0,98.76024997941624,2023-08-27 16:16:40.0,932160,2023-08-27 16:16:40.0,698210.0,2023-08-27 16:16:40.0,481.41172758614533,2023-08-27 16:16:40.0,980.0,6,2023-08-27 16:16:40.0,117.6
2023-08-27 16:16:46.0,0.3264210502878158,2023-08-27 16:16:46.0,114.46666666666667,2023-08-27 16:16:46.0,10,2023-08-27 16:16:46.0,98.76113797962567,2023-08-27 16:16:46.0,932640,2023-08-27 16:16:46.0,698829.0,2023-08-27 16:16:46.0,484.1285523063953,2023-08-27 16:16:46.0,980.0,6,2023-08-27 16:16:46.0,114.46666666666667
2023-08-27 16:16:52.0,0.32926767307777155,2023-08-27 16:16:52.0,120.06666666666668,2023-08-27 16:16:52.0,10,2023-08-27 16:16:52.0,98.76214813827727,2023-08-27 16:16:52.0,933600,2023-08-27 16:16:52.0,699593.0,2023-08-27 16:16:52.0,483.89133913623755,2023-08-27 16:16:52.0,980.0,6,2023-08-27 16:16:52.0,120.06666666666668
2023-08-27 16:16:58.0,0.33392791119683135,2023-08-27 16:16:58.0,122.6,2023-08-27 16:16:58.0,10,2023-08-27 16:16:58.0,98.76337989151824,2023-08-27 16:16:58.0,934080,2023-08-27 16:16:58.0,700333.0,2023-08-27 16:16:58.0,482.24453129070866,2023-08-27 16:16:58.0,980.0,7,2023-08-27 16:16:58.0,122.6
2023-08-27 16:17:04.0,0.3058663643142283,2023-08-27 16:17:04.0,123.33333333333333,2023-08-27 16:17:04.0,10,2023-08-27 16:17:04.0,98.76470188496815,2023-08-27 16:17:04.0,934560,2023-08-27 16:17:04.0,701110.0,2023-08-27 16:17:04.0,477.54678937383534,2023-08-27 16:17:04.0,980.0,7,2023-08-27 16:17:04.0,123.33333333333333
2023-08-27 16:17:10.0,0.3235311027434135,2023-08-27 16:17:10.0,116.93333333333332,2023-08-27 16:17:10.0,10,2023-08-27 16:17:10.0,98.76561303440674,2023-08-27 16:17:10.0,935040,2023-08-27 16:17:10.0,701782.0,2023-08-27 16:17:10.0,479.0939018681482,2023-08-27 16:17:10.0,980.0,6,2023-08-27 16:17:10.0,116.93333333333332
2023-08-27 16:17:16.0,0.3326061426345284,2023-08-27 16:17:16.0,117.13333333333333,2023-08-27 16:17:16.0,10,2023-08-27 16:17:16.0,98.76654576277689,2023-08-27 16:17:16.0,936960,2023-08-27 16:17:16.0,702438.0,2023-08-27 16:17:16.0,482.62734459141,2023-08-27 16:17:16.0,980.0000000000001,6,2023-08-27 16:17:16.0,115.93333333333332
2023-08-27 16:17:22.0,0.2976704614293214,2023-08-27 16:17:22.0,115.93333333333332,2023-08-27 16:17:22.0,10,2023-08-27 16:17:22.0,98.76745455032042,2023-08-27 16:17:22.0,937920,2023-08-27 16:17:22.0,703120.0,2023-08-27 16:17:22.0,480.737455097794,2023-08-27 16:17:22.0,980.0,6,2023-08-27 16:17:22.0,115.93333333333332
2023-08-27 16:17:28.0,0.3324071768843859,2023-08-27 16:17:28.0,115.13333333333331,2023-08-27 16:17:28.0,10,2023-08-27 16:17:28.0,98.76858203149871,2023-08-27 16:17:28.0,938400,2023-08-27 16:17:28.0,703815.0,2023-08-27 16:17:28.0,483.372720120555,2023-08-27 16:17:28.0,980.0,6,2023-08-27 16:17:28.0,115.13333333333331
2023-08-27 16:17:34.0,0.3266240217794278,2023-08-27 16:17:34.0,114.8,2023-08-27 16:17:34.0,10,2023-08-27 16:17:34.0,98.76986184497477,2023-08-27 16:17:34.0,938880,2023-08-27 16:17:34.0,704553.0,2023-08-27 16:17:34.0,485.14535038926743,2023-08-27 16:17:34.0,980.0,6,2023-08-27 16:17:34.0,114.8
2023-08-27 16:17:40.0,0.3344398169635021,2023-08-27 16:17:40.0,116.26666666666665,2023-08-27 16:17:40.0,10,2023-08-27 16:17:40.0,98.77079494771104,2023-08-27 16:17:40.0,939360,2023-08-27 16:17:40.0,705258.0,2023-08-27 16:17:40.0,478.8753357202049,2023-08-27 16:17:40.0,980.0,6,2023-08-27 16:17:40.0,116.26666666666665
2023-08-27 16:17:46.0,0.31335968500295236,2023-08-27 16:17:46.0,119.13333333333331,2023-08-27 16:17:46.0,10,2023-08-27 16:17:46.0,98.77172196855705,2023-08-27 16:17:46.0,939840,2023-08-27 16:17:46.0,705982.0,2023-08-27 16:17:46.0,478.60656411532653,2023-08-27 16:17:46.0,980.0,6,2023-08-27 16:17:46.0,119.13333333333331
2023-08-27 16:17:52.0,0.3179570250090358,2023-08-27 16:17:52.0,120.66666666666666,2023-08-27 16:17:52.0,10,2023-08-27 16:17:52.0,98.7726960877007,2023-08-27 16:17:52.0,940800,2023-08-27 16:17:52.0,706656.0,2023-08-27 16:17:52.0,477.90057242473813,2023-08-27 16:17:52.0,980.0,7,2023-08-27 16:17:52.0,120.66666666666666
2023-08-27 16:17:58.0,0.3133995879160634,2023-08-27 16:17:58.0,122.6,2023-08-27 16:17:58.0,10,2023-08-27 16:17:58.0,98.7738865811864,2023-08-27 16:17:58.0,941280,2023-08-27 16:17:58.0,707391.0,2023-08-27 16:17:58.0,480.78453141056457,2023-08-27 16:17:58.0,980.0,7,2023-08-27 16:17:58.0,122.6
2023-08-27 16:18:04.0,0.28259742232209517,2023-08-27 16:18:04.0,125.46666666666665,2023-08-27 16:18:04.0,10,2023-08-27 16:18:04.0,98.7752836006148,2023-08-27 16:18:04.0,941760,2023-08-27 16:18:04.0,708225.0,2023-08-27 16:18:04.0,482.4904831721219,2023-08-27 16:18:04.0,981.0425531914894,7,2023-08-27 16:18:04.0,125.46666666666665
2023-08-27 16:18:10.0,0.3341365279817014,2023-08-27 16:18:10.0,126.33333333333331,2023-08-27 16:18:10.0,10,2023-08-27 16:18:10.0,98.7762743981665,2023-08-27 16:18:10.0,942240,2023-08-27 16:18:10.0,708985.0,2023-08-27 16:18:10.0,485.588211763612,2023-08-27 16:18:10.0,981.0375860243514,7,2023-08-27 16:18:10.0,126.33333333333331
2023-08-27 16:18:16.0,0.312952215611635,2023-08-27 16:18:16.0,125.26666666666668,2023-08-27 16:18:16.0,10,2023-08-27 16:18:16.0,98.7772535537453,2023-08-27 16:18:16.0,944160,2023-08-27 16:18:16.0,709726.0,2023-08-27 16:18:16.0,488.26706620868885,2023-08-27 16:18:16.0,981.0392364793214,7,2023-08-27 16:18:16.0,125.26666666666667
2023-08-27 16:18:22.0,0.3081814999005081,2023-08-27 16:18:22.0,129.2,2023-08-27 16:18:22.0,10,2023-08-27 16:18:22.0,98.7782714836404,2023-08-27 16:18:22.0,945120,2023-08-27 16:18:22.0,710459.0,2023-08-27 16:18:22.0,484.1160902586033,2023-08-27 16:18:22.0,980.0,7,2023-08-27 16:18:22.0,129.2
2023-08-27 16:18:28.0,0.336597518028016,2023-08-27 16:18:28.0,129.33333333333334,2023-08-27 16:18:28.0,10,2023-08-27 16:18:28.0,98.77985342012036,2023-08-27 16:18:28.0,945600,2023-08-27 16:18:28.0,711363.0,2023-08-27 16:18:28.0,485.5028434652683,2023-08-27 16:18:28.0,980.0,7,2023-08-27 16:18:28.0,129.33333333333334
2023-08-27 16:18:34.0,0.36572748833301355,2023-08-27 16:18:34.0,127.19999999999999,2023-08-27 16:18:34.0,10,2023-08-27 16:18:34.0,98.78084164832204,2023-08-27 16:18:34.0,946080,2023-08-27 16:18:34.0,712023.0,2023-08-27 16:18:34.0,487.1233373807938,2023-08-27 16:18:34.0,980.0,7,2023-08-27 16:18:34.0,127.19999999999999
2023-08-27 16:18:40.0,0.3618136517334827,2023-08-27 16:18:40.0,123.93333333333332,2023-08-27 16:18:40.0,10,2023-08-27 16:18:40.0,98.78185374708347,2023-08-27 16:18:40.0,946560,2023-08-27 16:18:40.0,712801.0,2023-08-27 16:18:40.0,488.003809713769,2023-08-27 16:18:40.0,980.0,7,2023-08-27 16:18:40.0,123.93333333333332
2023-08-27 16:18:46.0,0.3382259599546916,2023-08-27 16:18:46.0,125.26666666666667,2023-08-27 16:18:46.0,10,2023-08-27 16:18:46.0,98.78280351755149,2023-08-27 16:18:46.0,947040,2023-08-27 16:18:46.0,713525.0,2023-08-27 16:18:46.0,484.92063081795766,2023-08-27 16:18:46.0,980.0,7,2023-08-27 16:18:46.0,125.26666666666667
2023-08-27 16:18:52.0,0.35103640429034194,2023-08-27 16:18:52.0,125.53333333333333,2023-08-27 16:18:52.0,10,2023-08-27 16:18:52.0,98.7840032736695,2023-08-27 16:18:52.0,948000,2023-08-27 16:18:52.0,714280.0,2023-08-27 16:18:52.0,487.1274442674223,2023-08-27 16:18:52.0,980.0,7,2023-08-27 16:18:52.0,125.53333333333333
2023-08-27 16:18:58.0,0.3486606887433374,2023-08-27 16:18:58.0,125.2,2023-08-27 16:18:58.0,10,2023-08-27 16:18:58.0,98.78531894572372,2023-08-27 16:18:58.0,948480,2023-08-27 16:18:58.0,715117.0,2023-08-27 16:18:58.0,486.7428670117716,2023-08-27 16:18:58.0,980.0,7,2023-08-27 16:18:58.0,125.2
2023-08-27 16:19:04.0,0.34985470732921137,2023-08-27 16:19:04.0,122.99999999999999,2023-08-27 16:19:04.0,10,2023-08-27 16:19:04.0,98.78625589124255,2023-08-27 16:19:04.0,948960,2023-08-27 16:19:04.0,693428.0,2023-08-27 16:19:04.0,481.2618917333333,2023-08-27 16:19:04.0,980.0,7,2023-08-27 16:19:04.0,122.99999999999999
2023-08-27 16:19:10.0,0.37550823138592626,2023-08-27 16:19:10.0,120.59999999999998,2023-08-27 16:19:10.0,9,2023-08-27 16:19:10.0,98.78717780000031,2023-08-27 16:19:10.0,949380,2023-08-27 16:19:10.0,694082.0,2023-08-27 16:19:10.0,478.23595694351667,2023-08-27 16:19:10.0,980.0,7,2023-08-27 16:19:10.0,120.59999999999998
2023-08-27 16:19:16.0,0.38221906144404,2023-08-27 16:19:16.0,119.46666666666667,2023-08-27 16:19:16.0,9,2023-08-27 16:19:16.0,98.78807832152472,2023-08-27 16:19:16.0,951240,2023-08-27 16:19:16.0,694752.0,2023-08-27 16:19:16.0,478.0008760326861,2023-08-27 16:19:16.0,980.0,6,2023-08-27 16:19:16.0,119.46666666666667
2023-08-27 16:19:22.0,0.39442455237511886,2023-08-27 16:19:22.0,120.06666666666666,2023-08-27 16:19:22.0,9,2023-08-27 16:19:22.0,98.7892229888833,2023-08-27 16:19:22.0,952080,2023-08-27 16:19:22.0,695479.0,2023-08-27 16:19:22.0,486.8922014631744,2023-08-27 16:19:22.0,981.09375,6,2023-08-27 16:19:22.0,120.06666666666666
2023-08-27 16:19:28.0,0.38991294397974785,2023-08-27 16:19:28.0,121.4,2023-08-27 16:19:28.0,9,2023-08-27 16:19:28.0,98.79045853772568,2023-08-27 16:19:28.0,952500,2023-08-27 16:19:28.0,696290.0,2023-08-27 16:19:28.0,489.31351573105087,2023-08-27 16:19:28.0,981.0834715312327,7,2023-08-27 16:19:28.0,121.4
2023-08-27 16:19:34.0,0.3554264686640431,2023-08-27 16:19:34.0,121.66666666666666,2023-08-27 16:19:34.0,9,2023-08-27 16:19:34.0,98.79146063991791,2023-08-27 16:19:34.0,952920,2023-08-27 16:19:34.0,697026.0,2023-08-27 16:19:34.0,486.89534052540716,2023-08-27 16:19:34.0,980.0,7,2023-08-27 16:19:34.0,121.66666666666666
2023-08-27 16:19:40.0,0.3798852096048515,2023-08-27 16:19:40.0,118.53333333333335,2023-08-27 16:19:40.0,9,2023-08-27 16:19:40.0,98.79235032304146,2023-08-27 16:19:40.0,953340,2023-08-27 16:19:40.0,697687.0,2023-08-27 16:19:40.0,484.5413649743256,2023-08-27 16:19:40.0,980.5471803461753,6,2023-08-27 16:19:40.0,118.53333333333335
2023-08-27 16:19:46.0,0.36770184509880155,2023-08-27 16:19:46.0,122.6,2023-08-27 16:19:46.0,9,2023-08-27 16:19:46.0,98.79331998454678,2023-08-27 16:19:46.0,953760,2023-08-27 16:19:46.0,698391.0,2023-08-27 16:19:46.0,484.0023213866777,2023-08-27 16:19:46.0,980.5303030303031,7,2023-08-27 16:19:46.0,122.6
2023-08-27 16:19:52.0,0.34391596124486135,2023-08-27 16:19:52.0,121.6,2023-08-27 16:19:52.0,9,2023-08-27 16:19:52.0,98.79445064183415,2023-08-27 16:19:52.0,954600,2023-08-27 16:19:52.0,699113.0,2023-08-27 16:19:52.0,482.13353715021935,2023-08-27 16:19:52.0,980.5337690631808,7,2023-08-27 16:19:52.0,121.6
2023-08-27 16:19:58.0,0.3746922436542069,2023-08-27 16:19:58.0,115.86666666666665,2023-08-27 16:19:58.0,9,2023-08-27 16:19:58.0,98.7955930776317,2023-08-27 16:19:58.0,955020,2023-08-27 16:19:58.0,699862.0,2023-08-27 16:19:58.0,484.3635580478094,2023-08-27 16:19:58.0,980.0,6,2023-08-27 16:19:58.0,115.86666666666665
2023-08-27 16:20:04.0,0.3824709882105525,2023-08-27 16:20:04.0,118.26666666666665,2023-08-27 16:20:04.0,9,2023-08-27 16:20:04.0,98.79659637336235,2023-08-27 16:20:04.0,955440,2023-08-27 16:20:04.0,700632.0,2023-08-27 16:20:04.0,487.8117796333405,2023-08-27 16:20:04.0,980.0,6,2023-08-27 16:20:04.0,118.26666666666665
2023-08-27 16:20:10.0,0.3784378637989465,2023-08-27 16:20:10.0,124.73333333333333,2023-08-27 16:20:10.0,9,2023-08-27 16:20:10.0,98.79761184023057,2023-08-27 16:20:10.0,955860,2023-08-27 16:20:10.0,701362.0,2023-08-27 16:20:10.0,491.4445285452601,2023-08-27 16:20:10.0,980.0,7,2023-08-27 16:20:10.0,124.73333333333333
2023-08-27 16:20:16.0,0.3620680725109426,2023-08-27 16:20:16.0,130.99999999999997,2023-08-27 16:20:16.0,9,2023-08-27 16:20:16.0,98.79855627745268,2023-08-27 16:20:16.0,957720,2023-08-27 16:20:16.0,702090.0,2023-08-27 16:20:16.0,487.7175459090187,2023-08-27 16:20:16.0,980.0,7,2023-08-27 16:20:16.0,131.0
2023-08-27 16:20:22.0,0.3645459393266716,2023-08-27 16:20:22.0,130.0,2023-08-27 16:20:22.0,9,2023-08-27 16:20:22.0,98.79977889494343,2023-08-27 16:20:22.0,958560,2023-08-27 16:20:22.0,702874.0,2023-08-27 16:20:22.0,483.76552930849164,2023-08-27 16:20:22.0,980.0,7,2023-08-27 16:20:22.0,130.0
2023-08-27 16:20:28.0,0.3745611942224499,2023-08-27 16:20:28.0,130.86666666666665,2023-08-27 16:20:28.0,9,2023-08-27 16:20:28.0,98.80108920821722,2023-08-27 16:20:28.0,958980,2023-08-27 16:20:28.0,703751.0,2023-08-27 16:20:28.0,483.37526683562146,2023-08-27 16:20:28.0,980.0,7,2023-08-27 16:20:28.0,130.86666666666665
2023-08-27 16:20:34.0,0.3521834341119704,2023-08-27 16:20:34.0,128.26666666666665,2023-08-27 16:20:34.0,9,2023-08-27 16:20:34.0,98.80208306614364,2023-08-27 16:20:34.0,959400,2023-08-27 16:20:34.0,704521.0,2023-08-27 16:20:34.0,486.31153703641263,2023-08-27 16:20:34.0,980.0,7,2023-08-27 16:20:34.0,128.26666666666665
2023-08-27 16:20:40.0,0.39979525778509156,2023-08-27 16:20:40.0,127.26666666666667,2023-08-27 16:20:40.0,9,2023-08-27 16:20:40.0,98.80301891575225,2023-08-27 16:20:40.0,959820,2023-08-27 16:20:40.0,705212.0,2023-08-27 16:20:40.0,481.8212734892916,2023-08-27 16:20:40.0,980.0,7,2023-08-27 16:20:40.0,127.26666666666667
2023-08-27 16:20:46.0,0.3985003186753944,2023-08-27 16:20:46.0,125.66666666666666,2023-08-27 16:20:46.0,9,2023-08-27 16:20:46.0,98.80395870555823,2023-08-27 16:20:46.0,960660,2023-08-27 16:20:46.0,705913.0,2023-08-27 16:20:46.0,479.73147345422734,2023-08-27 16:20:46.0,980.0,7,2023-08-27 16:20:46.0,125.66666666666666
2023-08-27 16:20:52.0,0.39716938497919546,2023-08-27 16:20:52.0,131.33333333333331,2023-08-27 16:20:52.0,9,2023-08-27 16:20:52.0,98.80523214271234,2023-08-27 16:20:52.0,961080,2023-08-27 16:20:52.0,706753.0,2023-08-27 16:20:52.0,482.33505507547574,2023-08-27 16:20:52.0,980.0,7,2023-08-27 16:20:52.0,131.33333333333331
2023-08-27 16:20:58.0,0.3970384808155865,2023-08-27 16:20:58.0,129.73333333333335,2023-08-27 16:20:58.0,9,2023-08-27 16:20:58.0,98.80650844554481,2023-08-27 16:20:58.0,961500,2023-08-27 16:20:58.0,707598.0,2023-08-27 16:20:58.0,485.42855388747716,2023-08-27 16:20:58.0,980.0,7,2023-08-27 16:20:58.0,129.73333333333335
2023-08-27 16:21:04.0,0.38782118599824617,2023-08-27 16:21:04.0,126.73333333333333,2023-08-27 16:21:04.0,9,2023-08-27 16:21:04.0,98.80747641622433,2023-08-27 16:21:04.0,961920,2023-08-27 16:21:04.0,708358.0,2023-08-27 16:21:04.0,490.36511493908574,2023-08-27 16:21:04.0,980.0,7,2023-08-27 16:21:04.0,126.73333333333332
2023-08-27 16:21:10.0,0.3913999477799741,2023-08-27 16:21:10.0,123.53333333333333,2023-08-27 16:21:10.0,9,2023-08-27 16:21:11.0,98.80840525429664,2023-08-27 16:21:11.0,962340,2023-08-27 16:21:10.0,709039.0,2023-08-27 16:21:11.0,485.4353302793354,2023-08-27 16:21:11.0,980.0,7,2023-08-27 16:21:11.0,123.53333333333333
2023-08-27 16:21:17.0,0.3468089155013371,2023-08-27 16:21:17.0,129.39999999999998,2023-08-27 16:21:17.0,9,2023-08-27 16:21:17.0,98.80940770180516,2023-08-27 16:21:17.0,964620,2023-08-27 16:21:17.0,709877.0,2023-08-27 16:21:17.0,484.0004726452663,2023-08-27 16:21:17.0,980.5041152263374,7,2023-08-27 16:21:17.0,129.39999999999998
2023-08-27 16:21:23.0,0.39477019613380004,2023-08-27 16:21:23.0,132.79999999999998,2023-08-27 16:21:23.0,9,2023-08-27 16:21:23.0,98.81061845071922,2023-08-27 16:21:23.0,965040,2023-08-27 16:21:23.0,710605.0,2023-08-27 16:21:23.0,485.00713296799756,2023-08-27 16:21:23.0,980.4909819639278,7,2023-08-27 16:21:23.0,132.79999999999998
2023-08-27 16:21:29.0,0.4098616401658593,2023-08-27 16:21:29.0,134.06666666666666,2023-08-27 16:21:29.0,9,2023-08-27 16:21:29.0,98.81188759761453,2023-08-27 16:21:29.0,965460,2023-08-27 16:21:29.0,711479.0,2023-08-27 16:21:29.0,491.1150049900465,2023-08-27 16:21:29.0,980.4887780548628,7,2023-08-27 16:21:29.0,134.06666666666666
2023-08-27 16:21:35.0,0.39928064392908,2023-08-27 16:21:35.0,130.26666666666665,2023-08-27 16:21:35.0,9,2023-08-27 16:21:35.0,98.81289930293559,2023-08-27 16:21:35.0,965880,2023-08-27 16:21:35.0,712257.0,2023-08-27 16:21:35.0,489.2310706581105,2023-08-27 16:21:35.0,980.0,7,2023-08-27 16:21:35.0,130.26666666666665
2023-08-27 16:21:41.0,0.42411165321527206,2023-08-27 16:21:41.0,128.6,2023-08-27 16:21:41.0,9,2023-08-27 16:21:41.0,98.81384868011696,2023-08-27 16:21:41.0,966300,2023-08-27 16:21:41.0,712969.0,2023-08-27 16:21:41.0,484.90825750178243,2023-08-27 16:21:41.0,980.0,7,2023-08-27 16:21:41.0,128.6
2023-08-27 16:21:47.0,0.41593978254683295,2023-08-27 16:21:47.0,130.26666666666665,2023-08-27 16:21:47.0,9,2023-08-27 16:21:47.0,98.81480980007728,2023-08-27 16:21:47.0,967140,2023-08-27 16:21:47.0,713770.0,2023-08-27 16:21:47.0,484.6651187422058,2023-08-27 16:21:47.0,980.0,7,2023-08-27 16:21:47.0,130.26666666666665
2023-08-27 16:21:53.0,0.39485745484817336,2023-08-27 16:21:53.0,132.7333333333333,2023-08-27 16:21:53.0,9,2023-08-27 16:21:53.0,98.81598925514278,2023-08-27 16:21:53.0,967560,2023-08-27 16:21:53.0,714512.0,2023-08-27 16:21:53.0,483.0806668841266,2023-08-27 16:21:53.0,980.0,7,2023-08-27 16:21:53.0,132.7333333333333
2023-08-27 16:21:59.0,0.39980953985671047,2023-08-27 16:21:59.0,134.06666666666666,2023-08-27 16:21:59.0,9,2023-08-27 16:21:59.0,98.81730617480959,2023-08-27 16:21:59.0,967980,2023-08-27 16:21:59.0,715414.0,2023-08-27 16:21:59.0,484.83099919701914,2023-08-27 16:21:59.0,980.0,7,2023-08-27 16:21:59.0,135.46666666666667
2023-08-27 16:22:05.0,0.3912158963533239,2023-08-27 16:22:05.0,139.26666666666665,2023-08-27 16:22:05.0,9,2023-08-27 16:22:05.0,98.81848276672766,2023-08-27 16:22:05.0,968400,2023-08-27 16:22:05.0,716378.0,2023-08-27 16:22:05.0,491.7013532229736,2023-08-27 16:22:05.0,980.0,7,2023-08-27 16:22:05.0,139.26666666666665
2023-08-27 16:22:11.0,0.4174492281159075,2023-08-27 16:22:11.0,139.1333333333333,2023-08-27 16:22:11.0,9,2023-08-27 16:22:11.0,98.81945293788309,2023-08-27 16:22:11.0,968820,2023-08-27 16:22:11.0,717052.0,2023-08-27 16:22:11.0,498.53545728125147,2023-08-27 16:22:11.0,984.6934865900382,7,2023-08-27 16:22:11.0,139.1333333333333
2023-08-27 16:22:17.0,0.41200570709020734,2023-08-27 16:22:17.0,134.33333333333331,2023-08-27 16:22:17.0,9,2023-08-27 16:22:17.0,98.8203885182047,2023-08-27 16:22:17.0,971100,2023-08-27 16:22:17.0,717835.0,2023-08-27 16:22:17.0,498.7465910665577,2023-08-27 16:22:17.0,984.8538880633977,7,2023-08-27 16:22:17.0,134.33333333333331
2023-08-27 16:22:23.0,0.41659691101638424,2023-08-27 16:22:23.0,125.66666666666666,2023-08-27 16:22:23.0,9,2023-08-27 16:22:23.0,98.82144011114798,2023-08-27 16:22:23.0,971520,2023-08-27 16:22:23.0,718504.0,2023-08-27 16:22:23.0,492.9193219272511,2023-08-27 16:22:23.0,984.7419354838709,7,2023-08-27 16:22:23.0,125.66666666666666
2023-08-27 16:22:29.0,0.39923319893910914,2023-08-27 16:22:29.0,129.33333333333331,2023-08-27 16:22:29.0,9,2023-08-27 16:22:29.0,98.82283215754661,2023-08-27 16:22:29.0,971940,2023-08-27 16:22:29.0,719478.0,2023-08-27 16:22:29.0,492.07697375483053,2023-08-27 16:22:29.0,980.5114822546973,7,2023-08-27 16:22:29.0,129.33333333333331
2023-08-27 16:22:35.0,0.38536885433534696,2023-08-27 16:22:35.0,128.66666666666666,2023-08-27 16:22:35.0,9,2023-08-27 16:22:35.0,98.82375752583378,2023-08-27 16:22:35.0,972360,2023-08-27 16:22:35.0,720248.0,2023-08-27 16:22:35.0,494.3476142714703,2023-08-27 16:22:35.0,981.5225271879856,7,2023-08-27 16:22:35.0,128.66666666666666
2023-08-27 16:22:41.0,0.4240032046845215,2023-08-27 16:22:41.0,129.73333333333332,2023-08-27 16:22:41.0,9,2023-08-27 16:22:41.0,98.82467986467736,2023-08-27 16:22:41.0,972780,2023-08-27 16:22:41.0,720893.0,2023-08-27 16:22:41.0,493.3313470832444,2023-08-27 16:22:41.0,981.002044989775,7,2023-08-27 16:22:41.0,129.73333333333332
2023-08-27 16:22:47.0,0.39700468212965784,2023-08-27 16:22:47.0,128.86666666666665,2023-08-27 16:22:47.0,9,2023-08-27 16:22:47.0,98.82564160825422,2023-08-27 16:22:47.0,973620,2023-08-27 16:22:47.0,721704.0,2023-08-27 16:22:47.0,484.51619142387347,2023-08-27 16:22:47.0,980.0,7,2023-08-27 16:22:47.0,128.86666666666665
2023-08-27 16:22:53.0,0.3870620315566752,2023-08-27 16:22:53.0,130.66666666666666,2023-08-27 16:22:53.0,9,2023-08-27 16:22:53.0,98.82676376079283,2023-08-27 16:22:53.0,974040,2023-08-27 16:22:53.0,722408.0,2023-08-27 16:22:53.0,484.5687680296563,2023-08-27 16:22:53.0,980.0,7,2023-08-27 16:22:53.0,130.66666666666666
2023-08-27 16:22:59.0,0.4098218050813629,2023-08-27 16:22:59.0,125.86666666666667,2023-08-27 16:22:59.0,9,2023-08-27 16:22:59.0,98.82805585203349,2023-08-27 16:22:59.0,974460,2023-08-27 16:22:59.0,723317.0,2023-08-27 16:22:59.0,484.4384089503304,2023-08-27 16:22:59.0,980.0,7,2023-08-27 16:22:59.0,125.86666666666667
2023-08-27 16:23:05.0,0.3688599986746283,2023-08-27 16:23:05.0,128.53333333333333,2023-08-27 16:23:05.0,9,2023-08-27 16:23:05.0,98.82901057945193,2023-08-27 16:23:05.0,974880,2023-08-27 16:23:05.0,724128.0,2023-08-27 16:23:05.0,484.45262192728933,2023-08-27 16:23:05.0,980.0,7,2023-08-27 16:23:05.0,128.53333333333333
2023-08-27 16:23:11.0,0.422094183840554,2023-08-27 16:23:11.0,127.2,2023-08-27 16:23:11.0,9,2023-08-27 16:23:11.0,98.82987360752254,2023-08-27 16:23:11.0,975300,2023-08-27 16:23:11.0,724735.0,2023-08-27 16:23:11.0,486.6784818183583,2023-08-27 16:23:11.0,980.0,7,2023-08-27 16:23:11.0,127.2
2023-08-27 16:23:17.0,0.38899703454229656,2023-08-27 16:23:17.0,126.13333333333331,2023-08-27 16:23:17.0,9,2023-08-27 16:23:17.0,98.83077051070502,2023-08-27 16:23:17.0,977580,2023-08-27 16:23:17.0,725523.0,2023-08-27 16:23:17.0,483.4987424596291,2023-08-27 16:23:17.0,980.0,7,2023-08-27 16:23:17.0,126.13333333333331
2023-08-27 16:23:23.0,0.38100255604742506,2023-08-27 16:23:23.0,126.13333333333333,2023-08-27 16:23:23.0,9,2023-08-27 16:23:23.0,98.83191127521354,2023-08-27 16:23:23.0,978000,2023-08-27 16:23:23.0,726274.0,2023-08-27 16:23:23.0,483.8747076457874,2023-08-27 16:23:23.0,980.5160610847814,7,2023-08-27 16:23:23.0,126.13333333333333
2023-08-27 16:23:29.0,0.3840625836884997,2023-08-27 16:23:29.0,121.19999999999999,2023-08-27 16:23:29.0,9,2023-08-27 16:23:29.0,98.83308133480533,2023-08-27 16:23:29.0,978420,2023-08-27 16:23:29.0,727053.0,2023-08-27 16:23:29.0,484.6441829281768,2023-08-27 16:23:29.0,980.5294435440302,7,2023-08-27 16:23:29.0,121.19999999999999
2023-08-27 16:23:35.0,0.38172681299237265,2023-08-27 16:23:35.0,120.86666666666666,2023-08-27 16:23:35.0,9,2023-08-27 16:23:35.0,98.83391832388521,2023-08-27 16:23:35.0,978840,2023-08-27 16:23:35.0,727798.0,2023-08-27 16:23:35.0,477.1048974776838,2023-08-27 16:23:35.0,980.0,7,2023-08-27 16:23:35.0,120.86666666666666
2023-08-27 16:23:41.0,0.4000153198571704,2023-08-27 16:23:41.0,123.41764666799546,2023-08-27 16:23:41.0,9,2023-08-27 16:23:41.0,98.83480752945384,2023-08-27 16:23:41.0,979260,2023-08-27 16:23:41.0,728438.0,2023-08-27 16:23:41.0,479.58181861628464,2023-08-27 16:23:41.0,980.0,7,2023-08-27 16:23:41.0,123.41764666799546
2023-08-27 16:23:47.0,0.36162749437482683,2023-08-27 16:23:47.0,122.2,2023-08-27 16:23:47.0,9,2023-08-27 16:23:47.0,98.8356310691051,2023-08-27 16:23:47.0,980100,2023-08-27 16:23:47.0,729140.0,2023-08-27 16:23:47.0,483.2882217739206,2023-08-27 16:23:47.0,980.0,7,2023-08-27 16:23:47.0,122.2
2023-08-27 16:23:53.0,0.3695702102956462,2023-08-27 16:23:53.0,122.7096528195866,2023-08-27 16:23:53.0,9,2023-08-27 16:23:53.0,98.83674128000918,2023-08-27 16:23:53.0,980520,2023-08-27 16:23:53.0,729920.0,2023-08-27 16:23:53.0,483.16984635846404,2023-08-27 16:23:53.0,980.0,7,2023-08-27 16:23:53.0,122.7096528195866
2023-08-27 16:23:59.0,0.3807445690190572,2023-08-27 16:23:59.0,124.93333333333332,2023-08-27 16:23:59.0,9,2023-08-27 16:23:59.0,98.83801460925365,2023-08-27 16:23:59.0,980940,2023-08-27 16:23:59.0,730773.0,2023-08-27 16:23:59.0,483.7274712965788,2023-08-27 16:23:59.0,980.0,7,2023-08-27 16:23:59.0,124.93333333333332
2023-08-27 16:24:05.0,0.3738708364530883,2023-08-27 16:24:05.0,127.93333333333334,2023-08-27 16:24:05.0,9,2023-08-27 16:24:05.0,98.83891729710427,2023-08-27 16:24:05.0,981360,2023-08-27 16:24:05.0,731545.0,2023-08-27 16:24:05.0,482.0785052990473,2023-08-27 16:24:05.0,980.0,7,2023-08-27 16:24:05.0,127.93333333333334
2023-08-27 16:24:11.0,0.3835121829031765,2023-08-27 16:24:11.0,126.73333333333332,2023-08-27 16:24:11.0,9,2023-08-27 16:24:11.0,98.83976975994119,2023-08-27 16:24:11.0,981780,2023-08-27 16:24:11.0,732170.0,2023-08-27 16:24:11.0,483.2357319963026,2023-08-27 16:24:11.0,980.0,7,2023-08-27 16:24:11.0,126.73333333333332
2023-08-27 16:24:17.0,0.3467173544779029,2023-08-27 16:24:17.0,123.06666666666666,2023-08-27 16:24:17.0,9,2023-08-27 16:24:17.0,98.84062599315118,2023-08-27 16:24:17.0,984060,2023-08-27 16:24:17.0,732914.0,2023-08-27 16:24:17.0,482.1125024047568,2023-08-27 16:24:17.0,980.0,7,2023-08-27 16:24:17.0,123.06666666666666
2023-08-27 16:24:23.0,0.37677476354616296,2023-08-27 16:24:23.0,123.46666666666665,2023-08-27 16:24:23.0,9,2023-08-27 16:24:23.0,98.84172030777817,2023-08-27 16:24:23.0,984480,2023-08-27 16:24:23.0,733678.0,2023-08-27 16:24:23.0,486.69824680746035,2023-08-27 16:24:23.0,980.0,7,2023-08-27 16:24:23.0,123.46666666666665
2023-08-27 16:24:29.0,0.3853368724256534,2023-08-27 16:24:29.0,125.33333333333333,2023-08-27 16:24:29.0,9,2023-08-27 16:24:29.0,98.84298679805885,2023-08-27 16:24:29.0,984900,2023-08-27 16:24:29.0,734544.0,2023-08-27 16:24:29.0,487.10478902810337,2023-08-27 16:24:29.0,980.0,7,2023-08-27 16:24:29.0,125.33333333333333
2023-08-27 16:24:35.0,0.34936689876221627,2023-08-27 16:24:35.0,128.73333333333332,2023-08-27 16:24:35.0,9,2023-08-27 16:24:35.0,98.84388026492614,2023-08-27 16:24:35.0,985320,2023-08-27 16:24:35.0,735317.0,2023-08-27 16:24:35.0,484.8930164700469,2023-08-27 16:24:35.0,980.0,7,2023-08-27 16:24:35.0,128.73333333333332
2023-08-27 16:24:41.0,0.37251356595135865,2023-08-27 16:24:41.0,126.46666666666668,2023-08-27 16:24:41.0,9,2023-08-27 16:24:41.0,98.84475251015101,2023-08-27 16:24:41.0,985740,2023-08-27 16:24:41.0,736024.0,2023-08-27 16:24:41.0,483.3084500780916,2023-08-27 16:24:41.0,980.0,7,2023-08-27 16:24:41.0,126.46666666666668
2023-08-27 16:24:47.0,0.36383017109717114,2023-08-27 16:24:47.0,125.19999999999999,2023-08-27 16:24:47.0,9,2023-08-27 16:24:47.0,98.84559901182885,2023-08-27 16:24:47.0,986580,2023-08-27 16:24:47.0,736714.0,2023-08-27 16:24:47.0,480.1820641029416,2023-08-27 16:24:47.0,980.0,7,2023-08-27 16:24:47.0,125.19999999999999
2023-08-27 16:24:53.0,0.39284764520412246,2023-08-27 16:24:53.0,124.06666666666666,2023-08-27 16:24:53.0,9,2023-08-27 16:24:53.0,98.846684065186,2023-08-27 16:24:53.0,987000,2023-08-27 16:24:53.0,737461.0,2023-08-27 16:24:53.0,478.265796963134,2023-08-27 16:24:53.0,980.0000000000001,7,2023-08-27 16:24:53.0,124.06666666666666
2023-08-27 16:24:59.0,0.3972945485139699,2023-08-27 16:24:59.0,127.93333333333331,2023-08-27 16:24:59.0,9,2023-08-27 16:24:59.0,98.84798287398058,2023-08-27 16:24:59.0,987420,2023-08-27 16:24:59.0,738356.0,2023-08-27 16:24:59.0,478.5714928911038,2023-08-27 16:24:59.0,980.5085625324338,7,2023-08-27 16:24:59.0,127.93333333333331
2023-08-27 16:25:05.0,0.38118126028476385,2023-08-27 16:25:05.0,132.9333333333333,2023-08-27 16:25:05.0,9,2023-08-27 16:25:05.0,98.84897766566776,2023-08-27 16:25:05.0,987840,2023-08-27 16:25:05.0,739213.0,2023-08-27 16:25:05.0,487.8836122246237,2023-08-27 16:25:05.0,981.4663341645884,7,2023-08-27 16:25:05.0,132.9333333333333
2023-08-27 16:25:11.0,0.37514105373263756,2023-08-27 16:25:11.0,134.8,2023-08-27 16:25:11.0,9,2023-08-27 16:25:11.0,98.84983696789217,2023-08-27 16:25:11.0,988260,2023-08-27 16:25:11.0,739920.0,2023-08-27 16:25:11.0,490.8282651493288,2023-08-27 16:25:11.0,981.4554455445542,7,2023-08-27 16:25:11.0,134.8
2023-08-27 16:25:17.0,0.35773237191658974,2023-08-27 16:25:17.0,131.53333333333333,2023-08-27 16:25:17.0,9,2023-08-27 16:25:17.0,98.85073298811146,2023-08-27 16:25:17.0,990540,2023-08-27 16:25:17.0,740639.0,2023-08-27 16:25:17.0,486.7076868263006,2023-08-27 16:25:17.0,980.4994903160041,7,2023-08-27 16:25:17.0,131.53333333333333
2023-08-27 16:25:23.0,0.3856260850553561,2023-08-27 16:25:23.0,133.2,2023-08-27 16:25:23.0,9,2023-08-27 16:25:23.0,98.8522166625732,2023-08-27 16:25:23.0,990960,2023-08-27 16:25:23.0,741636.0,2023-08-27 16:25:23.0,488.61620199901574,2023-08-27 16:25:23.0,980.493702770781,7,2023-08-27 16:25:23.0,133.2
2023-08-27 16:25:29.0,0.41871612300066074,2023-08-27 16:25:29.0,130.33333333333331,2023-08-27 16:25:29.0,9,2023-08-27 16:25:29.0,98.85309997569323,2023-08-27 16:25:29.0,991380,2023-08-27 16:25:29.0,742301.0,2023-08-27 16:25:29.0,488.0049640912548,2023-08-27 16:25:29.0,980.0000000000001,7,2023-08-27 16:25:29.0,130.33333333333331
2023-08-27 16:25:35.0,0.389165919114896,2023-08-27 16:25:35.0,127.46666666666665,2023-08-27 16:25:35.0,9,2023-08-27 16:25:35.0,98.85398785700635,2023-08-27 16:25:35.0,991800,2023-08-27 16:25:35.0,743089.0,2023-08-27 16:25:35.0,486.1942180131032,2023-08-27 16:25:35.0,980.0,7,2023-08-27 16:25:35.0,127.46666666666665
2023-08-27 16:25:41.0,0.42430289219570183,2023-08-27 16:25:41.0,128.93333333333334,2023-08-27 16:25:41.0,9,2023-08-27 16:25:41.0,98.8549013975167,2023-08-27 16:25:41.0,992220,2023-08-27 16:25:41.0,743830.0,2023-08-27 16:25:41.0,485.8129406733325,2023-08-27 16:25:41.0,980.0,7,2023-08-27 16:25:41.0,128.93333333333334
2023-08-27 16:25:47.0,0.40510807175297825,2023-08-27 16:25:47.0,129.2,2023-08-27 16:25:47.0,9,2023-08-27 16:25:47.0,98.85597560746906,2023-08-27 16:25:47.0,993060,2023-08-27 16:25:47.0,744595.0,2023-08-27 16:25:47.0,486.99133334980473,2023-08-27 16:25:47.0,980.0,7,2023-08-27 16:25:47.0,129.2
2023-08-27 16:25:53.0,0.3708264636580792,2023-08-27 16:25:53.0,133.66666666666666,2023-08-27 16:25:53.0,9,2023-08-27 16:25:53.0,98.85720130392224,2023-08-27 16:25:53.0,993480,2023-08-27 16:25:53.0,745494.0,2023-08-27 16:25:53.0,485.6706365724308,2023-08-27 16:25:53.0,980.0,7,2023-08-27 16:25:53.0,133.66666666666666
2023-08-27 16:25:59.0,0.3995875907358417,2023-08-27 16:25:59.0,132.86666666666665,2023-08-27 16:25:59.0,9,2023-08-27 16:25:59.0,98.85815684956462,2023-08-27 16:25:59.0,993900,2023-08-27 16:25:59.0,746307.0,2023-08-27 16:25:59.0,485.95360204281747,2023-08-27 16:25:59.0,980.0,7,2023-08-27 16:25:59.0,132.86666666666665
2023-08-27 16:26:05.0,0.37958639683325923,2023-08-27 16:26:05.0,133.8,2023-08-27 16:26:05.0,9,2023-08-27 16:26:05.0,98.8590631715189,2023-08-27 16:26:05.0,994320,2023-08-27 16:26:05.0,747060.0,2023-08-27 16:26:05.0,482.08525004795797,2023-08-27 16:26:05.0,980.0000000000001,7,2023-08-27 16:26:05.0,133.8
2023-08-27 16:26:11.0,0.42965121521409694,2023-08-27 16:26:11.0,136.66666666666666,2023-08-27 16:26:11.0,9,2023-08-27 16:26:11.0,98.8600170169009,2023-08-27 16:26:11.0,994740,2023-08-27 16:26:11.0,747835.0,2023-08-27 16:26:11.0,484.89896166996874,2023-08-27 16:26:11.0,980.0000000000001,7,2023-08-27 16:26:11.0,136.66666666666666
2023-08-27 16:26:17.0,0.41031356617028136,2023-08-27 16:26:17.0,131.13333333333333,2023-08-27 16:26:17.0,9,2023-08-27 16:26:17.0,98.86108706605273,2023-08-27 16:26:17.0,997020,2023-08-27 16:26:17.0,748599.0,2023-08-27 16:26:17.0,485.8097264571787,2023-08-27 16:26:17.0,980.0000000000001,7,2023-08-27 16:26:17.0,131.13333333333333
2023-08-27 16:26:23.0,0.3955592734305788,2023-08-27 16:26:23.0,126.13333333333333,2023-08-27 16:26:23.0,9,2023-08-27 16:26:23.0,98.86222072761812,2023-08-27 16:26:23.0,997440,2023-08-27 16:26:23.0,749415.0,2023-08-27 16:26:23.0,489.6085712670824,2023-08-27 16:26:23.0,980.0,7,2023-08-27 16:26:23.0,126.13333333333333
2023-08-27 16:26:29.0,0.4011021323178591,2023-08-27 16:26:29.0,122.60000000000001,2023-08-27 16:26:29.0,9,2023-08-27 16:26:29.0,98.8630953264357,2023-08-27 16:26:29.0,997860,2023-08-27 16:26:29.0,750188.0,2023-08-27 16:26:29.0,485.944312480839,2023-08-27 16:26:29.0,980.0,7,2023-08-27 16:26:29.0,122.60000000000001
2023-08-27 16:26:35.0,0.39132368404930595,2023-08-27 16:26:35.0,126.46666666666667,2023-08-27 16:26:35.0,9,2023-08-27 16:26:35.0,98.8640025663194,2023-08-27 16:26:35.0,998280,2023-08-27 16:26:35.0,750923.0,2023-08-27 16:26:35.0,489.03393983616706,2023-08-27 16:26:35.0,981.0436634717785,7,2023-08-27 16:26:35.0,126.46666666666667
2023-08-27 16:26:41.0,0.3954193103328938,2023-08-27 16:26:41.0,135.33333333333331,2023-08-27 16:26:41.0,9,2023-08-27 16:26:41.0,98.86494683597977,2023-08-27 16:26:41.0,998700,2023-08-27 16:26:41.0,751707.0,2023-08-27 16:26:41.0,492.51591735535936,2023-08-27 16:26:41.0,981.4532871972317,7,2023-08-27 16:26:41.0,135.33333333333331
2023-08-27 16:26:47.0,0.40811684303983653,2023-08-27 16:26:47.0,131.06666666666666,2023-08-27 16:26:47.0,9,2023-08-27 16:26:47.0,98.865981038579,2023-08-27 16:26:47.0,999540,2023-08-27 16:26:47.0,752457.0,2023-08-27 16:26:47.0,491.43973987641976,2023-08-27 16:26:47.0,981.4848484848484,7,2023-08-27 16:26:47.0,131.06666666666666
2023-08-27 16:26:53.0,0.4012608501827235,2023-08-27 16:26:53.0,129.26666666666665,2023-08-27 16:26:53.0,9,2023-08-27 16:26:53.0,98.8671126676136,2023-08-27 16:26:53.0,999960,2023-08-27 16:26:53.0,753328.0,2023-08-27 16:26:53.0,483.47377883987053,2023-08-27 16:26:53.0,980.0,7,2023-08-27 16:26:53.0,129.26666666666665
2023-08-27 16:26:59.0,0.4000530459974071,2023-08-27 16:26:59.0,129.46666666666667,2023-08-27 16:26:59.0,9,2023-08-27 16:26:59.0,98.86807898470641,2023-08-27 16:26:59.0,1000380,2023-08-27 16:26:59.0,754146.0,2023-08-27 16:26:59.0,482.79999764092526,2023-08-27 16:26:59.0,980.5117493472585,7,2023-08-27 16:26:59.0,129.46666666666667
2023-08-27 16:27:05.0,0.4031386535260208,2023-08-27 16:27:05.0,134.2,2023-08-27 16:27:05.0,9,2023-08-27 16:27:05.0,98.86900335215495,2023-08-27 16:27:05.0,1000800,2023-08-27 16:27:05.0,754908.0,2023-08-27 16:27:05.0,483.6516827450058,2023-08-27 16:27:05.0,980.4892661008488,7,2023-08-27 16:27:05.0,134.2
2023-08-27 16:27:11.0,0.40842568678996327,2023-08-27 16:27:11.0,136.79999999999998,2023-08-27 16:27:11.0,9,2023-08-27 16:27:11.0,98.86992805257789,2023-08-27 16:27:11.0,1001220,2023-08-27 16:27:11.0,755663.0,2023-08-27 16:27:11.0,484.2706330414061,2023-08-27 16:27:11.0,980.4720616570326,7,2023-08-27 16:27:11.0,136.79999999999998
2023-08-27 16:27:17.0,0.40590376807161904,2023-08-27 16:27:17.0,132.86666666666667,2023-08-27 16:27:17.0,9,2023-08-27 16:27:17.0,98.87097228881511,2023-08-27 16:27:17.0,1003500,2023-08-27 16:27:17.0,756429.0,2023-08-27 16:27:17.0,483.0320419989879,2023-08-27 16:27:17.0,980.4873197414221,7,2023-08-27 16:27:17.0,132.86666666666667
2023-08-27 16:27:23.0,0.4121964602863906,2023-08-27 16:27:23.0,124.46666666666664,2023-08-27 16:27:23.0,9,2023-08-27 16:27:23.0,98.87206674011776,2023-08-27 16:27:23.0,1003920,2023-08-27 16:27:23.0,757246.0,2023-08-27 16:27:23.0,475.9664961652377,2023-08-27 16:27:23.0,980.0,7,2023-08-27 16:27:23.0,124.46666666666664
2023-08-27 16:27:29.0,0.42694555554504077,2023-08-27 16:27:29.0,120.46666666666665,2023-08-27 16:27:29.0,9,2023-08-27 16:27:29.0,98.87287992155456,2023-08-27 16:27:29.0,1004340,2023-08-27 16:27:29.0,757973.0,2023-08-27 16:27:29.0,475.4883039878211,2023-08-27 16:27:29.0,980.0,6,2023-08-27 16:27:29.0,120.46666666666665
2023-08-27 16:27:35.0,0.38088805915008916,2023-08-27 16:27:35.0,121.86666666666665,2023-08-27 16:27:35.0,9,2023-08-27 16:27:35.0,98.87374048996844,2023-08-27 16:27:35.0,1004760,2023-08-27 16:27:35.0,758675.0,2023-08-27 16:27:35.0,480.16721796367233,2023-08-27 16:27:35.0,980.0,7,2023-08-27 16:27:35.0,121.86666666666665
2023-08-27 16:27:41.0,0.3934590610747762,2023-08-27 16:27:41.0,122.39710724521761,2023-08-27 16:27:41.0,9,2023-08-27 16:27:41.0,98.87454910252023,2023-08-27 16:27:41.0,1005600,2023-08-27 16:27:41.0,759350.0,2023-08-27 16:27:41.0,488.06547910813424,2023-08-27 16:27:41.0,980.0,7,2023-08-27 16:27:41.0,122.39710724521761
2023-08-27 16:27:47.0,0.4031622540429485,2023-08-27 16:27:47.0,131.33333333333331,2023-08-27 16:27:47.0,9,2023-08-27 16:27:47.0,98.87563935915293,2023-08-27 16:27:47.0,1006020,2023-08-27 16:27:47.0,760201.0,2023-08-27 16:27:47.0,486.68570267250163,2023-08-27 16:27:47.0,980.0,7,2023-08-27 16:27:47.0,131.33333333333331
2023-08-27 16:27:53.0,0.3876889629808707,2023-08-27 16:27:53.0,142.73657398146295,2023-08-27 16:27:53.0,9,2023-08-27 16:27:53.0,98.87697368840553,2023-08-27 16:27:53.0,1006440,2023-08-27 16:27:53.0,761204.0,2023-08-27 16:27:53.0,487.9291981420501,2023-08-27 16:27:53.0,979.9999999999999,8,2023-08-27 16:27:53.0,142.73657398146295
2023-08-27 16:27:59.0,0.39739499712072046,2023-08-27 16:27:59.0,144.53333333333333,2023-08-27 16:27:59.0,9,2023-08-27 16:27:59.0,98.87795880645051,2023-08-27 16:27:59.0,1006860,2023-08-27 16:27:59.0,762053.0,2023-08-27 16:27:59.0,492.1401183351532,2023-08-27 16:27:59.0,979.9999999999999,8,2023-08-27 16:28:00.0,144.53333333333333
2023-08-27 16:28:06.0,0.3593991106361976,2023-08-27 16:28:06.0,137.13333333333333,2023-08-27 16:28:06.0,9,2023-08-27 16:28:06.0,98.87881778808269,2023-08-27 16:28:06.0,1007280,2023-08-27 16:28:06.0,762767.0,2023-08-27 16:28:06.0,485.1032351612802,2023-08-27 16:28:06.0,979.9999999999999,7,2023-08-27 16:28:06.0,137.13333333333333
2023-08-27 16:28:12.0,0.4098661569722135,2023-08-27 16:28:12.0,131.86666666666667,2023-08-27 16:28:12.0,9,2023-08-27 16:28:12.0,98.8796401194336,2023-08-27 16:28:12.0,1008120,2023-08-27 16:28:12.0,763559.0,2023-08-27 16:28:12.0,484.1690592597785,2023-08-27 16:28:12.0,980.4974619289338,7,2023-08-27 16:28:12.0,131.86666666666667
2023-08-27 16:28:18.0,0.4205618372512717,2023-08-27 16:28:18.0,127.33333333333333,2023-08-27 16:28:18.0,9,2023-08-27 16:28:18.0,98.8807072299857,2023-08-27 16:28:18.0,1009980,2023-08-27 16:28:18.0,764276.0,2023-08-27 16:28:18.0,485.1126807725227,2023-08-27 16:28:18.0,980.5104166666666,7,2023-08-27 16:28:18.0,127.33333333333333
2023-08-27 16:28:24.0,0.4206980995996152,2023-08-27 16:28:24.0,127.19999999999999,2023-08-27 16:28:24.0,9,2023-08-27 16:28:24.0,98.88183830798299,2023-08-27 16:28:24.0,1010400,2023-08-27 16:28:24.0,765131.0,2023-08-27 16:28:24.0,486.8492656759909,2023-08-27 16:28:24.0,980.5082987551868,7,2023-08-27 16:28:24.0,127.19999999999999
2023-08-27 16:28:30.0,0.44003144286637613,2023-08-27 16:28:30.0,130.86666666666665,2023-08-27 16:28:30.0,9,2023-08-27 16:28:30.0,98.88276964850706,2023-08-27 16:28:30.0,1010820,2023-08-27 16:28:30.0,765967.0,2023-08-27 16:28:30.0,486.38797086778396,2023-08-27 16:28:30.0,980.0,7,2023-08-27 16:28:30.0,130.86666666666665
2023-08-27 16:28:36.0,0.40906876927175223,2023-08-27 16:28:36.0,134.73333333333332,2023-08-27 16:28:36.0,9,2023-08-27 16:28:36.0,98.88366643832146,2023-08-27 16:28:36.0,1011240,2023-08-27 16:28:36.0,766736.0,2023-08-27 16:28:36.0,488.26857981467003,2023-08-27 16:28:36.0,980.0,7,2023-08-27 16:28:36.0,134.73333333333332
2023-08-27 16:28:42.0,0.3962516917540587,2023-08-27 16:28:42.0,136.46666666666667,2023-08-27 16:28:42.0,9,2023-08-27 16:28:42.0,98.884536368951,2023-08-27 16:28:42.0,1012080,2023-08-27 16:28:42.0,767537.0,2023-08-27 16:28:42.0,485.57618090773735,2023-08-27 16:28:42.0,980.0,7,2023-08-27 16:28:42.0,136.46666666666667
2023-08-27 16:28:48.0,0.4016744613217235,2023-08-27 16:28:48.0,132.8,2023-08-27 16:28:48.0,9,2023-08-27 16:28:48.0,98.88560514661908,2023-08-27 16:28:48.0,1012500,2023-08-27 16:28:48.0,768268.0,2023-08-27 16:28:48.0,486.658047942351,2023-08-27 16:28:48.0,980.0,7,2023-08-27 16:28:48.0,132.79999999999998
2023-08-27 16:28:54.0,0.3530087120748757,2023-08-27 16:28:54.0,130.73333333333332,2023-08-27 16:28:54.0,9,2023-08-27 16:28:54.0,98.88676397940547,2023-08-27 16:28:54.0,1012920,2023-08-27 16:28:54.0,769195.0,2023-08-27 16:28:54.0,487.9466958619918,2023-08-27 16:28:54.0,979.9999999999999,7,2023-08-27 16:28:54.0,130.73333333333332
2023-08-27 16:29:00.0,0.42446866766715075,2023-08-27 16:29:00.0,127.86666666666666,2023-08-27 16:29:00.0,9,2023-08-27 16:29:00.0,98.88758967927458,2023-08-27 16:29:00.0,1013340,2023-08-27 16:29:00.0,769973.0,2023-08-27 16:29:00.0,482.5388796018998,2023-08-27 16:29:00.0,980.0,7,2023-08-27 16:29:00.0,127.86666666666666
2023-08-27 16:29:06.0,0.39517883577688884,2023-08-27 16:29:06.0,130.53333333333333,2023-08-27 16:29:06.0,9,2023-08-27 16:29:06.0,98.88843793736804,2023-08-27 16:29:06.0,1013760,2023-08-27 16:29:06.0,770641.0,2023-08-27 16:29:06.0,478.0426836380392,2023-08-27 16:29:06.0,980.0,7,2023-08-27 16:29:06.0,130.53333333333333
2023-08-27 16:29:12.0,0.41048982696078073,2023-08-27 16:29:12.0,130.39999999999998,2023-08-27 16:29:12.0,9,2023-08-27 16:29:12.0,98.88925908225667,2023-08-27 16:29:12.0,1014600,2023-08-27 16:29:12.0,771420.0,2023-08-27 16:29:12.0,481.6877001511361,2023-08-27 16:29:12.0,980.0,7,2023-08-27 16:29:12.0,130.39999999999998
2023-08-27 16:29:18.0,0.41061655171604095,2023-08-27 16:29:18.0,134.2,2023-08-27 16:29:18.0,9,2023-08-27 16:29:18.0,98.89034946552363,2023-08-27 16:29:18.0,1016460,2023-08-27 16:29:18.0,772209.0,2023-08-27 16:29:18.0,484.34899297349784,2023-08-27 16:29:18.0,980.0000000000001,7,2023-08-27 16:29:18.0,134.2
2023-08-27 16:29:24.0,0.3857530448840991,2023-08-27 16:29:24.0,137.26666666666665,2023-08-27 16:29:24.0,9,2023-08-27 16:29:24.0,98.89163606037286,2023-08-27 16:29:24.0,1016880,2023-08-27 16:29:24.0,773212.0,2023-08-27 16:29:24.0,489.6987191408215,2023-08-27 16:29:24.0,979.9999999999999,7,2023-08-27 16:29:24.0,137.26666666666665
2023-08-27 16:29:30.0,0.42655486130747133,2023-08-27 16:29:30.0,135.53333333333333,2023-08-27 16:29:30.0,9,2023-08-27 16:29:30.0,98.89246630153237,2023-08-27 16:29:30.0,1017300,2023-08-27 16:29:30.0,774003.0,2023-08-27 16:29:30.0,485.594921226441,2023-08-27 16:29:30.0,980.0,7,2023-08-27 16:29:30.0,135.53333333333333
2023-08-27 16:29:36.0,0.4129505693260986,2023-08-27 16:29:36.0,129.6,2023-08-27 16:29:36.0,9,2023-08-27 16:29:36.0,98.89329153960686,2023-08-27 16:29:36.0,1017720,2023-08-27 16:29:36.0,774643.0,2023-08-27 16:29:36.0,479.7960673338457,2023-08-27 16:29:36.0,979.9999999999999,7,2023-08-27 16:29:36.0,129.6
2023-08-27 16:29:42.0,0.4166380884149756,2023-08-27 16:29:42.0,127.99445555111288,2023-08-27 16:29:42.0,9,2023-08-27 16:29:42.0,98.89406344620362,2023-08-27 16:29:42.0,1018560,2023-08-27 16:29:42.0,775422.0,2023-08-27 16:29:42.0,478.189564986236,2023-08-27 16:29:42.0,980.0,7,2023-08-27 16:29:42.0,127.99445555111288
2023-08-27 16:29:48.0,0.4126145518090441,2023-08-27 16:29:48.0,126.33333333333333,2023-08-27 16:29:48.0,9,2023-08-27 16:29:48.0,98.89507960137527,2023-08-27 16:29:48.0,1018980,2023-08-27 16:29:48.0,776120.0,2023-08-27 16:29:48.0,482.65738614436447,2023-08-27 16:29:48.0,981.5572033898305,7,2023-08-27 16:29:48.0,126.33333333333333
2023-08-27 16:29:54.0,0.3840202018556491,2023-08-27 16:29:54.0,134.13992263572095,2023-08-27 16:29:54.0,9,2023-08-27 16:29:54.0,98.89632552693817,2023-08-27 16:29:54.0,1019400,2023-08-27 16:29:54.0,777137.0,2023-08-27 16:29:54.0,485.96956388543754,2023-08-27 16:29:54.0,981.4706644178183,7,2023-08-27 16:29:54.0,134.13992263572095
2023-08-27 16:30:00.0,0.423054079684396,2023-08-27 16:30:00.0,130.2,2023-08-27 16:30:00.0,9,2023-08-27 16:30:00.0,98.89709368726197,2023-08-27 16:30:00.0,1019820,2023-08-27 16:30:00.0,777857.0,2023-08-27 16:30:00.0,484.2817463452879,2023-08-27 16:30:00.0,980.5023065094823,7,2023-08-27 16:30:00.0,130.2
2023-08-27 16:30:06.0,0.39038585688456373,2023-08-27 16:30:06.0,128.99999999999997,2023-08-27 16:30:06.0,9,2023-08-27 16:30:06.0,98.89789181888898,2023-08-27 16:30:06.0,1020240,2023-08-27 16:30:06.0,778517.0,2023-08-27 16:30:06.0,482.35221367288,2023-08-27 16:30:06.0,980.0,7,2023-08-27 16:30:06.0,128.99999999999997
2023-08-27 16:30:12.0,0.4161656253217732,2023-08-27 16:30:12.0,126.32913889629431,2023-08-27 16:30:12.0,9,2023-08-27 16:30:12.0,98.89873189924545,2023-08-27 16:30:12.0,1021080,2023-08-27 16:30:12.0,779310.0,2023-08-27 16:30:12.0,481.33699386748026,2023-08-27 16:30:12.0,980.0,7,2023-08-27 16:30:12.0,126.32913889629431
2023-08-27 16:30:18.0,0.39711183503254477,2023-08-27 16:30:18.0,127.53333333333333,2023-08-27 16:30:18.0,9,2023-08-27 16:30:18.0,98.89971082789023,2023-08-27 16:30:18.0,1022940,2023-08-27 16:30:18.0,780055.0,2023-08-27 16:30:18.0,481.952908236897,2023-08-27 16:30:18.0,980.0,7,2023-08-27 16:30:18.0,127.53333333333333
2023-08-27 16:30:24.0,0.3740893042998676,2023-08-27 16:30:24.0,125.79999999999998,2023-08-27 16:30:24.0,9,2023-08-27 16:30:24.0,98.90082396135755,2023-08-27 16:30:24.0,1023360,2023-08-27 16:30:24.0,780911.0,2023-08-27 16:30:24.0,480.1825304992404,2023-08-27 16:30:24.0,980.0,7,2023-08-27 16:30:24.0,125.79999999999998
2023-08-27 16:30:30.0,0.4018745418914881,2023-08-27 16:30:30.0,127.07029430070241,2023-08-27 16:30:30.0,9,2023-08-27 16:30:30.0,98.90165794898904,2023-08-27 16:30:30.0,1023780,2023-08-27 16:30:30.0,781702.0,2023-08-27 16:30:30.0,481.67285544507297,2023-08-27 16:30:30.0,980.0,7,2023-08-27 16:30:30.0,127.07029430070241
2023-08-27 16:30:36.0,0.38092490628175807,2023-08-27 16:30:36.0,133.0,2023-08-27 16:30:36.0,9,2023-08-27 16:30:36.0,98.9024932352593,2023-08-27 16:30:36.0,1024200,2023-08-27 16:30:36.0,782391.0,2023-08-27 16:30:36.0,482.7526972748897,2023-08-27 16:30:36.0,980.0,7,2023-08-27 16:30:36.0,133.0
2023-08-27 16:30:42.0,0.37838136038075987,2023-08-27 16:30:42.0,134.66666666666666,2023-08-27 16:30:42.0,9,2023-08-27 16:30:42.0,98.90336156287603,2023-08-27 16:30:42.0,1025040,2023-08-27 16:30:42.0,783224.0,2023-08-27 16:30:42.0,491.1563480379894,2023-08-27 16:30:42.0,980.0,7,2023-08-27 16:30:42.0,134.66666666666666
2023-08-27 16:30:48.0,0.39292643465050736,2023-08-27 16:30:48.0,137.93333333333334,2023-08-27 16:30:48.0,9,2023-08-27 16:30:48.0,98.90445229463421,2023-08-27 16:30:48.0,1025460,2023-08-27 16:30:48.0,784068.0,2023-08-27 16:30:48.0,495.15223121762585,2023-08-27 16:30:48.0,979.9999999999999,7,2023-08-27 16:30:48.0,137.93333333333334
2023-08-27 16:30:54.0,0.377539371502347,2023-08-27 16:30:54.0,131.46666666666664,2023-08-27 16:30:54.0,9,2023-08-27 16:30:54.0,98.90555155634716,2023-08-27 16:30:54.0,1025880,2023-08-27 16:30:54.0,784907.0,2023-08-27 16:30:54.0,491.90898182938105,2023-08-27 16:30:54.0,979.9999999999999,7,2023-08-27 16:30:54.0,131.46666666666664
2023-08-27 16:31:00.0,0.41765331754304585,2023-08-27 16:31:00.0,127.6,2023-08-27 16:31:00.0,9,2023-08-27 16:31:00.0,98.90635240532926,2023-08-27 16:31:00.0,1026300,2023-08-27 16:31:00.0,785683.0,2023-08-27 16:31:00.0,491.7521287942419,2023-08-27 16:31:00.0,980.5133577789419,7,2023-08-27 16:31:00.0,127.6
2023-08-27 16:31:06.0,0.42443083178739593,2023-08-27 16:31:06.0,127.63333333333331,2023-08-27 16:31:06.0,9,2023-08-27 16:31:06.0,98.90713616513666,2023-08-27 16:31:06.0,1026720,2023-08-27 16:31:06.0,786315.0,2023-08-27 16:31:06.0,488.91421958189676,2023-08-27 16:31:06.0,980.5082987551866,7,2023-08-27 16:31:06.0,127.63333333333331
2023-08-27 16:31:12.0,0.4320128776405727,2023-08-27 16:31:12.0,130.73333333333332,2023-08-27 16:31:12.0,9,2023-08-27 16:31:12.0,98.90797234245936,2023-08-27 16:31:12.0,1027560,2023-08-27 16:31:12.0,787150.0,2023-08-27 16:31:12.0,491.44089222344854,2023-08-27 16:31:12.0,980.5002552322612,7,2023-08-27 16:31:12.0,130.73333333333332
2023-08-27 16:31:18.0,0.4194958884993437,2023-08-27 16:31:18.0,129.26666666666665,2023-08-27 16:31:18.0,9,2023-08-27 16:31:18.0,98.90899004918523,2023-08-27 16:31:18.0,1029420,2023-08-27 16:31:18.0,787930.0,2023-08-27 16:31:18.0,491.93429096494214,2023-08-27 16:31:18.0,980.0,7,2023-08-27 16:31:18.0,129.26666666666665
2023-08-27 16:31:24.0,0.40015168066439694,2023-08-27 16:31:24.0,135.26666666666665,2023-08-27 16:31:24.0,9,2023-08-27 16:31:24.0,98.91016080024198,2023-08-27 16:31:24.0,1029840,2023-08-27 16:31:24.0,788848.0,2023-08-27 16:31:24.0,489.350179444794,2023-08-27 16:31:24.0,980.0,7,2023-08-27 16:31:24.0,135.26666666666665
2023-08-27 16:31:30.0,0.4352338632646196,2023-08-27 16:31:30.0,134.33333333333331,2023-08-27 16:31:30.0,9,2023-08-27 16:31:30.0,98.91098497156487,2023-08-27 16:31:30.0,1030260,2023-08-27 16:31:30.0,789636.0,2023-08-27 16:31:30.0,483.8785877016304,2023-08-27 16:31:30.0,980.9741550695823,7,2023-08-27 16:31:30.0,134.33333333333331
2023-08-27 16:31:36.0,0.41303280285780714,2023-08-27 16:31:36.0,132.13333333333333,2023-08-27 16:31:36.0,9,2023-08-27 16:31:36.0,98.91175905276177,2023-08-27 16:31:36.0,1030680,2023-08-27 16:31:36.0,790347.0,2023-08-27 16:31:36.0,484.1792652608929,2023-08-27 16:31:36.0,980.9939148073022,7,2023-08-27 16:31:36.0,132.13333333333333
2023-08-27 16:31:42.0,0.4133237120905953,2023-08-27 16:31:42.0,129.26666666666665,2023-08-27 16:31:42.0,9,2023-08-27 16:31:42.0,98.91255613132091,2023-08-27 16:31:42.0,1031520,2023-08-27 16:31:42.0,791065.0,2023-08-27 16:31:42.0,483.95966612839777,2023-08-27 16:31:42.0,981.0035842293909,7,2023-08-27 16:31:42.0,129.26666666666665
2023-08-27 16:31:48.0,0.40008095691164414,2023-08-27 16:31:48.0,131.46666666666664,2023-08-27 16:31:48.0,9,2023-08-27 16:31:48.0,98.91358374764802,2023-08-27 16:31:48.0,1031940,2023-08-27 16:31:48.0,791889.0,2023-08-27 16:31:48.0,484.3703298342812,2023-08-27 16:31:48.0,980.0,7,2023-08-27 16:31:48.0,131.46666666666664
2023-08-27 16:31:54.0,0.3763695593299131,2023-08-27 16:31:54.0,133.46666666666667,2023-08-27 16:31:54.0,9,2023-08-27 16:31:54.0,98.91472052596852,2023-08-27 16:31:54.0,1032360,2023-08-27 16:31:54.0,792767.0,2023-08-27 16:31:54.0,482.50246803205647,2023-08-27 16:31:54.0,980.0,7,2023-08-27 16:31:54.0,133.46666666666667
2023-08-27 16:32:00.0,0.4312802556292629,2023-08-27 16:32:00.0,133.66666666666666,2023-08-27 16:32:00.0,9,2023-08-27 16:32:00.0,98.91554006430482,2023-08-27 16:32:00.0,1032780,2023-08-27 16:32:00.0,793592.0,2023-08-27 16:32:00.0,482.17941541545906,2023-08-27 16:32:00.0,980.0,7,2023-08-27 16:32:00.0,133.66666666666666
2023-08-27 16:32:06.0,0.3808887675644397,2023-08-27 16:32:06.0,135.0,2023-08-27 16:32:06.0,9,2023-08-27 16:32:06.0,98.9163767647985,2023-08-27 16:32:06.0,1033200,2023-08-27 16:32:06.0,794347.0,2023-08-27 16:32:06.0,488.68267771068076,2023-08-27 16:32:06.0,980.0,7,2023-08-27 16:32:06.0,135.0
2023-08-27 16:32:12.0,0.4088424264649015,2023-08-27 16:32:12.0,132.0,2023-08-27 16:32:12.0,9,2023-08-27 16:32:12.0,98.91715318197588,2023-08-27 16:32:12.0,1034040,2023-08-27 16:32:12.0,795068.0,2023-08-27 16:32:12.0,494.85661669571465,2023-08-27 16:32:12.0,980.988401412002,7,2023-08-27 16:32:12.0,132.0
2023-08-27 16:32:18.0,0.4097774666659288,2023-08-27 16:32:18.0,129.66666666666663,2023-08-27 16:32:18.0,9,2023-08-27 16:32:18.0,98.91841101555715,2023-08-27 16:32:18.0,1035900,2023-08-27 16:32:18.0,795980.0,2023-08-27 16:32:18.0,488.46174064767393,2023-08-27 16:32:18.0,981.0077120822623,7,2023-08-27 16:32:18.0,129.66666666666663
2023-08-27 16:32:24.0,0.3895322231102059,2023-08-27 16:32:24.0,125.13333333333331,2023-08-27 16:32:24.0,9,2023-08-27 16:32:24.0,98.91919796210593,2023-08-27 16:32:24.0,1036320,2023-08-27 16:32:24.0,796657.0,2023-08-27 16:32:24.0,482.8832386992602,2023-08-27 16:32:24.0,980.0,7,2023-08-27 16:32:24.0,125.13333333333331
2023-08-27 16:32:30.0,0.4174727166874147,2023-08-27 16:32:30.0,126.53333333333333,2023-08-27 16:32:30.0,9,2023-08-27 16:32:30.0,98.91999343245574,2023-08-27 16:32:30.0,1036740,2023-08-27 16:32:30.0,797458.0,2023-08-27 16:32:30.0,485.22381284367043,2023-08-27 16:32:30.0,980.0,7,2023-08-27 16:32:30.0,126.53333333333335
2023-08-27 16:32:36.0,0.3984976387026855,2023-08-27 16:32:36.0,129.73333333333332,2023-08-27 16:32:36.0,9,2023-08-27 16:32:36.0,98.92079002966253,2023-08-27 16:32:36.0,1037160,2023-08-27 16:32:36.0,798193.0,2023-08-27 16:32:36.0,486.7024199035871,2023-08-27 16:32:36.0,980.0,7,2023-08-27 16:32:36.0,129.73333333333332
2023-08-27 16:32:42.0,0.37791921275679996,2023-08-27 16:32:42.0,133.5333333333333,2023-08-27 16:32:42.0,9,2023-08-27 16:32:42.0,98.921818268843,2023-08-27 16:32:42.0,1038000,2023-08-27 16:32:42.0,799033.0,2023-08-27 16:32:42.0,485.74767662064505,2023-08-27 16:32:42.0,980.0000000000001,7,2023-08-27 16:32:42.0,133.5333333333333
2023-08-27 16:32:48.0,0.406727195636876,2023-08-27 16:32:48.0,134.86666666666665,2023-08-27 16:32:48.0,9,2023-08-27 16:32:48.0,98.92283635375586,2023-08-27 16:32:48.0,1038420,2023-08-27 16:32:48.0,799925.0,2023-08-27 16:32:48.0,490.1110272532881,2023-08-27 16:32:48.0,983.3726647000982,7,2023-08-27 16:32:48.0,134.86666666666665
2023-08-27 16:32:54.0,0.3675638695972424,2023-08-27 16:32:54.0,131.79999999999998,2023-08-27 16:32:54.0,9,2023-08-27 16:32:54.0,98.92362220599155,2023-08-27 16:32:54.0,1038840,2023-08-27 16:32:54.0,800688.0,2023-08-27 16:32:54.0,487.96129765106906,2023-08-27 16:32:54.0,983.4611503531785,7,2023-08-27 16:32:54.0,131.79999999999998
2023-08-27 16:33:00.0,0.39773625308769334,2023-08-27 16:33:00.0,126.2,2023-08-27 16:33:00.0,9,2023-08-27 16:33:00.0,98.92439202368067,2023-08-27 16:33:00.0,1039260,2023-08-27 16:33:00.0,801399.0,2023-08-27 16:33:00.0,481.0189415590688,2023-08-27 16:33:00.0,980.0,7,2023-08-27 16:33:00.0,126.2
2023-08-27 16:33:06.0,0.36891037692496703,2023-08-27 16:33:06.0,128.06666666666666,2023-08-27 16:33:06.0,9,2023-08-27 16:33:06.0,98.92518308310544,2023-08-27 16:33:06.0,1039680,2023-08-27 16:33:06.0,802140.0,2023-08-27 16:33:06.0,479.688552777376,2023-08-27 16:33:06.0,980.0,7,2023-08-27 16:33:06.0,128.06666666666666
2023-08-27 16:33:12.0,0.4112380080864668,2023-08-27 16:33:12.0,128.33333333333331,2023-08-27 16:33:12.0,9,2023-08-27 16:33:12.0,98.92613285629778,2023-08-27 16:33:12.0,1040520,2023-08-27 16:33:12.0,802899.0,2023-08-27 16:33:12.0,480.19821413547885,2023-08-27 16:33:12.0,980.0,7,2023-08-27 16:33:12.0,128.33333333333331
2023-08-27 16:33:18.0,0.40256566248259074,2023-08-27 16:33:18.0,122.2,2023-08-27 16:33:18.0,9,2023-08-27 16:33:18.0,98.92710446279881,2023-08-27 16:33:18.0,1042380,2023-08-27 16:33:18.0,803690.0,2023-08-27 16:33:18.0,483.7734608452193,2023-08-27 16:33:18.0,980.0,7,2023-08-27 16:33:18.0,122.2
2023-08-27 16:33:24.0,0.3763291998335026,2023-08-27 16:33:24.0,121.93333333333331,2023-08-27 16:33:24.0,9,2023-08-27 16:33:24.0,98.92785929049653,2023-08-27 16:33:24.0,1042800,2023-08-27 16:33:24.0,804433.0,2023-08-27 16:33:24.0,483.2692088295868,2023-08-27 16:33:24.0,980.0,7,2023-08-27 16:33:24.0,121.93333333333331
2023-08-27 16:33:30.0,0.3983317849998649,2023-08-27 16:33:30.0,121.46666666666665,2023-08-27 16:33:30.0,9,2023-08-27 16:33:30.0,98.92857678102503,2023-08-27 16:33:30.0,1043220,2023-08-27 16:33:30.0,805115.0,2023-08-27 16:33:30.0,483.68665970827345,2023-08-27 16:33:30.0,980.0,7,2023-08-27 16:33:30.0,121.46666666666665
2023-08-27 16:33:36.0,0.36673919424709567,2023-08-27 16:33:36.0,125.26666666666667,2023-08-27 16:33:36.0,9,2023-08-27 16:33:36.0,98.92934359509708,2023-08-27 16:33:36.0,1043640,2023-08-27 16:33:36.0,805828.0,2023-08-27 16:33:36.0,486.59497985745645,2023-08-27 16:33:36.0,980.0,7,2023-08-27 16:33:36.0,125.26666666666667
2023-08-27 16:33:42.0,0.37291491376326835,2023-08-27 16:33:42.0,127.4,2023-08-27 16:33:42.0,9,2023-08-27 16:33:42.0,98.93031977499122,2023-08-27 16:33:42.0,1044480,2023-08-27 16:33:42.0,806625.0,2023-08-27 16:33:42.0,486.9058690974114,2023-08-27 16:33:42.0,980.0,7,2023-08-27 16:33:42.0,127.4
2023-08-27 16:33:48.0,0.3761095236323739,2023-08-27 16:33:48.0,133.06666666666666,2023-08-27 16:33:48.0,9,2023-08-27 16:33:48.0,98.93139578697652,2023-08-27 16:33:48.0,1044900,2023-08-27 16:33:48.0,807529.0,2023-08-27 16:33:48.0,485.7008450594588,2023-08-27 16:33:48.0,980.0,7,2023-08-27 16:33:48.0,133.06666666666666
2023-08-27 16:33:54.0,0.3728045357395789,2023-08-27 16:33:54.0,133.99999999999997,2023-08-27 16:33:54.0,9,2023-08-27 16:33:54.0,98.93228317320101,2023-08-27 16:33:54.0,1045320,2023-08-27 16:33:54.0,808357.0,2023-08-27 16:33:54.0,484.85780039390926,2023-08-27 16:33:54.0,980.0000000000001,7,2023-08-27 16:33:54.0,133.99999999999997
2023-08-27 16:34:00.0,0.38367125411026437,2023-08-27 16:34:00.0,134.06666666666666,2023-08-27 16:34:00.0,9,2023-08-27 16:34:00.0,98.93304940503133,2023-08-27 16:34:00.0,1045740,2023-08-27 16:34:00.0,809093.0,2023-08-27 16:34:00.0,483.62991562376067,2023-08-27 16:34:00.0,980.0,7,2023-08-27 16:34:00.0,134.06666666666666
2023-08-27 16:34:06.0,0.36894743684332754,2023-08-27 16:34:06.0,132.66666666666666,2023-08-27 16:34:06.0,9,2023-08-27 16:34:06.0,98.9338656508619,2023-08-27 16:34:06.0,1046580,2023-08-27 16:34:06.0,809842.0,2023-08-27 16:34:06.0,485.0218474696849,2023-08-27 16:34:06.0,980.4873197414221,7,2023-08-27 16:34:06.0,132.66666666666666
2023-08-27 16:34:12.0,0.41194847215786684,2023-08-27 16:34:12.0,134.13333333333335,2023-08-27 16:34:12.0,9,2023-08-27 16:34:12.0,98.93480356593545,2023-08-27 16:34:12.0,1047000,2023-08-27 16:34:12.0,810643.0,2023-08-27 16:34:12.0,480.74953101765914,2023-08-27 16:34:12.0,980.494450050454,7,2023-08-27 16:34:12.0,134.13333333333335
2023-08-27 16:34:18.0,0.38120628076919005,2023-08-27 16:34:18.0,132.13333333333333,2023-08-27 16:34:18.0,9,2023-08-27 16:34:18.0,98.93586092580543,2023-08-27 16:34:18.0,1048860,2023-08-27 16:34:18.0,811515.0,2023-08-27 16:34:18.0,485.613508192502,2023-08-27 16:34:18.0,981.9898477157358,7,2023-08-27 16:34:18.0,132.1333333333333
2023-08-27 16:34:24.0,0.3931508080395723,2023-08-27 16:34:24.0,128.66666666666666,2023-08-27 16:34:24.0,9,2023-08-27 16:34:24.0,98.93665875270749,2023-08-27 16:34:24.0,1049280,2023-08-27 16:34:24.0,812288.0,2023-08-27 16:34:24.0,483.83945521128055,2023-08-27 16:34:24.0,981.5100154083206,7,2023-08-27 16:34:24.0,128.66666666666666
2023-08-27 16:34:30.0,0.41359838126870907,2023-08-27 16:34:30.0,128.8,2023-08-27 16:34:30.0,9,2023-08-27 16:34:30.0,98.93741540706272,2023-08-27 16:34:30.0,1049700,2023-08-27 16:34:30.0,813023.0,2023-08-27 16:34:30.0,485.9206325883137,2023-08-27 16:34:30.0,980.0,7,2023-08-27 16:34:30.0,128.8
2023-08-27 16:34:36.0,0.4108468086689789,2023-08-27 16:34:36.0,132.33333333333331,2023-08-27 16:34:36.0,9,2023-08-27 16:34:36.0,98.93824992518581,2023-08-27 16:34:36.0,1050540,2023-08-27 16:34:36.0,813871.0,2023-08-27 16:34:36.0,486.4609689142685,2023-08-27 16:34:36.0,980.0,7,2023-08-27 16:34:36.0,132.33333333333331
2023-08-27 16:34:42.0,0.4180176704641642,2023-08-27 16:34:42.0,134.86666666666667,2023-08-27 16:34:42.0,9,2023-08-27 16:34:42.0,98.93920489827444,2023-08-27 16:34:42.0,1050960,2023-08-27 16:34:42.0,814600.0,2023-08-27 16:34:43.0,488.78828071242083,2023-08-27 16:34:43.0,980.4878048780489,7,2023-08-27 16:34:43.0,134.86666666666667
2023-08-27 16:34:49.0,0.40677547483474824,2023-08-27 16:34:49.0,139.86666666666665,2023-08-27 16:34:49.0,9,2023-08-27 16:34:49.0,98.94032182415829,2023-08-27 16:34:49.0,1051380,2023-08-27 16:34:49.0,815561.0,2023-08-27 16:34:49.0,486.5720411981884,2023-08-27 16:34:49.0,980.4693486590037,7,2023-08-27 16:34:49.0,139.86666666666667
2023-08-27 16:34:55.0,0.39239791532169127,2023-08-27 16:34:55.0,140.4,2023-08-27 16:34:55.0,9,2023-08-27 16:34:55.0,98.94118976342533,2023-08-27 16:34:55.0,1051800,2023-08-27 16:34:55.0,816394.0,2023-08-27 16:34:55.0,485.1293598915458,2023-08-27 16:34:55.0,980.4644549763032,7,2023-08-27 16:34:55.0,140.4
2023-08-27 16:35:01.0,0.42565231178431107,2023-08-27 16:35:01.0,137.26666666666665,2023-08-27 16:35:01.0,9,2023-08-27 16:35:01.0,98.9419870968841,2023-08-27 16:35:01.0,1052220,2023-08-27 16:35:01.0,817146.0,2023-08-27 16:35:01.0,486.66308374124907,2023-08-27 16:35:01.0,980.0,7,2023-08-27 16:35:01.0,137.26666666666665
2023-08-27 16:35:07.0,0.4335203327885237,2023-08-27 16:35:07.0,135.46666666666664,2023-08-27 16:35:07.0,9,2023-08-27 16:35:07.0,98.9427517329453,2023-08-27 16:35:07.0,1053060,2023-08-27 16:35:07.0,817972.0,2023-08-27 16:35:07.0,482.29319128910936,2023-08-27 16:35:07.0,980.0000000000001,7,2023-08-27 16:35:07.0,135.46666666666664
2023-08-27 16:35:13.0,0.4023083163502087,2023-08-27 16:35:13.0,135.0,2023-08-27 16:35:13.0,9,2023-08-27 16:35:13.0,98.94370881255871,2023-08-27 16:35:13.0,1053480,2023-08-27 16:35:13.0,818703.0,2023-08-27 16:35:13.0,487.73114358921123,2023-08-27 16:35:13.0,980.9804902451225,7,2023-08-27 16:35:13.0,135.0
2023-08-27 16:35:19.0,0.42280514832351723,2023-08-27 16:35:19.0,132.73728105272517,2023-08-27 16:35:19.0,9,2023-08-27 16:35:19.0,98.94472274277445,2023-08-27 16:35:19.0,1055340,2023-08-27 16:35:19.0,819566.0,2023-08-27 16:35:19.0,487.6079161429252,2023-08-27 16:35:19.0,980.9888709558691,7,2023-08-27 16:35:19.0,132.73728105272517
2023-08-27 16:35:25.0,0.42739208373725973,2023-08-27 16:35:25.0,129.9963032080334,2023-08-27 16:35:25.0,9,2023-08-27 16:35:25.0,98.94553755591453,2023-08-27 16:35:25.0,1055760,2023-08-27 16:35:25.0,820376.0,2023-08-27 16:35:25.0,486.3041787020663,2023-08-27 16:35:25.0,980.0,7,2023-08-27 16:35:25.0,129.9963032080334
2023-08-27 16:35:31.0,0.4114459382223779,2023-08-27 16:35:31.0,130.33333333333331,2023-08-27 16:35:31.0,9,2023-08-27 16:35:31.0,98.94629231565501,2023-08-27 16:35:31.0,1056180,2023-08-27 16:35:31.0,821084.0,2023-08-27 16:35:31.0,483.6665639842755,2023-08-27 16:35:31.0,980.0,7,2023-08-27 16:35:31.0,130.33333333333331
2023-08-27 16:35:37.0,0.3893508881670325,2023-08-27 16:35:37.0,128.73333333333332,2023-08-27 16:35:37.0,9,2023-08-27 16:35:37.0,98.94703543364841,2023-08-27 16:35:37.0,1057020,2023-08-27 16:35:37.0,821874.0,2023-08-27 16:35:37.0,484.1502123184115,2023-08-27 16:35:37.0,980.0,7,2023-08-27 16:35:37.0,128.73333333333332
2023-08-27 16:35:43.0,0.4132797793159836,2023-08-27 16:35:43.0,130.82626692370758,2023-08-27 16:35:43.0,9,2023-08-27 16:35:43.0,98.9479636648353,2023-08-27 16:35:43.0,1057440,2023-08-27 16:35:43.0,822606.0,2023-08-27 16:35:43.0,485.49463650758514,2023-08-27 16:35:43.0,980.0,7,2023-08-27 16:35:43.0,130.82626692370758
2023-08-27 16:35:49.0,0.40671649383426356,2023-08-27 16:35:49.0,132.26666666666665,2023-08-27 16:35:49.0,9,2023-08-27 16:35:49.0,98.94904754943545,2023-08-27 16:35:49.0,1057860,2023-08-27 16:35:49.0,823567.0,2023-08-27 16:35:49.0,487.52403882694676,2023-08-27 16:35:49.0,980.0,7,2023-08-27 16:35:49.0,132.26666666666665
2023-08-27 16:35:55.0,0.3892043408654465,2023-08-27 16:35:55.0,135.04465690535088,2023-08-27 16:35:55.0,9,2023-08-27 16:35:55.0,98.94984504196749,2023-08-27 16:35:55.0,1058280,2023-08-27 16:35:55.0,824399.0,2023-08-27 16:35:55.0,485.32302244209205,2023-08-27 16:35:55.0,979.9999999999999,7,2023-08-27 16:35:55.0,135.04465690535088
2023-08-27 16:36:01.0,0.39076637499449923,2023-08-27 16:36:01.0,139.66666666666666,2023-08-27 16:36:01.0,9,2023-08-27 16:36:01.0,98.95066934247002,2023-08-27 16:36:01.0,1058700,2023-08-27 16:36:01.0,825127.0,2023-08-27 16:36:01.0,487.6527023906131,2023-08-27 16:36:01.0,980.0,7,2023-08-27 16:36:01.0,139.66666666666666
2023-08-27 16:36:07.0,0.40337442314575844,2023-08-27 16:36:07.0,138.06666666666663,2023-08-27 16:36:07.0,9,2023-08-27 16:36:07.0,98.95143200912374,2023-08-27 16:36:07.0,1059540,2023-08-27 16:36:07.0,825931.0,2023-08-27 16:36:07.0,487.97901804506824,2023-08-27 16:36:07.0,980.4702495201537,7,2023-08-27 16:36:07.0,138.06666666666666
2023-08-27 16:36:13.0,0.3981760742985237,2023-08-27 16:36:13.0,134.93333333333334,2023-08-27 16:36:13.0,9,2023-08-27 16:36:13.0,98.9523436034261,2023-08-27 16:36:13.0,1059960,2023-08-27 16:36:13.0,826652.0,2023-08-27 16:36:13.0,485.9873098529446,2023-08-27 16:36:13.0,980.9650418513047,7,2023-08-27 16:36:13.0,134.93333333333334
2023-08-27 16:36:19.0,0.41812690280882325,2023-08-27 16:36:19.0,135.79999999999998,2023-08-27 16:36:19.0,9,2023-08-27 16:36:19.0,98.95350301021466,2023-08-27 16:36:19.0,1061820,2023-08-27 16:36:19.0,827688.0,2023-08-27 16:36:19.0,486.7152600831146,2023-08-27 16:36:19.0,980.9593734703866,7,2023-08-27 16:36:19.0,135.79999999999998
2023-08-27 16:36:25.0,0.4062819952060339,2023-08-27 16:36:25.0,137.06666666666663,2023-08-27 16:36:25.0,9,2023-08-27 16:36:25.0,98.95432237519405,2023-08-27 16:36:25.0,1062240,2023-08-27 16:36:25.0,828550.0,2023-08-27 16:36:25.0,487.2852252028359,2023-08-27 16:36:25.0,980.0,7,2023-08-27 16:36:25.0,137.06666666666663
2023-08-27 16:36:31.0,0.44054990034829783,2023-08-27 16:36:31.0,140.53333333333333,2023-08-27 16:36:31.0,9,2023-08-27 16:36:31.0,98.95511165691109,2023-08-27 16:36:31.0,1062660,2023-08-27 16:36:31.0,829250.0,2023-08-27 16:36:31.0,492.73579965288764,2023-08-27 16:36:31.0,980.0000000000001,8,2023-08-27 16:36:31.0,140.53333333333333
2023-08-27 16:36:37.0,0.4104218430649771,2023-08-27 16:36:37.0,141.8,2023-08-27 16:36:37.0,8,2023-08-27 16:36:37.0,98.95591753398881,2023-08-27 16:36:37.0,1063440,2023-08-27 16:36:37.0,792727.0,2023-08-27 16:36:37.0,497.92394286586716,2023-08-27 16:36:37.0,980.0,8,2023-08-27 16:36:37.0,141.8
2023-08-27 16:36:43.0,0.44903833613435384,2023-08-27 16:36:43.0,143.9333333333333,2023-08-27 16:36:43.0,8,2023-08-27 16:36:43.0,98.95689770949724,2023-08-27 16:36:43.0,1063800,2023-08-27 16:36:43.0,793631.0,2023-08-27 16:36:43.0,498.67281883823114,2023-08-27 16:36:43.0,979.9999999999999,8,2023-08-27 16:36:43.0,143.9333333333333
2023-08-27 16:36:49.0,0.4717953149278305,2023-08-27 16:36:49.0,140.86666666666667,2023-08-27 16:36:49.0,8,2023-08-27 16:36:49.0,98.95802515973962,2023-08-27 16:36:49.0,1064160,2023-08-27 16:36:49.0,794577.0,2023-08-27 16:36:49.0,496.33910452933,2023-08-27 16:36:49.0,981.3815789473686,8,2023-08-27 16:36:49.0,140.86666666666667
2023-08-27 16:36:55.0,0.46887788113280254,2023-08-27 16:36:55.0,138.2,2023-08-27 16:36:55.0,8,2023-08-27 16:36:55.0,98.95881832121898,2023-08-27 16:36:55.0,1064520,2023-08-27 16:36:55.0,795428.0,2023-08-27 16:36:55.0,497.36043233905116,2023-08-27 16:36:55.0,981.4060258249641,7,2023-08-27 16:36:55.0,138.2
2023-08-27 16:37:01.0,0.49028348455658743,2023-08-27 16:37:01.0,138.73333333333332,2023-08-27 16:37:01.0,8,2023-08-27 16:37:01.0,98.95952894812703,2023-08-27 16:37:01.0,1064880,2023-08-27 16:37:01.0,796105.0,2023-08-27 16:37:01.0,493.0390197180593,2023-08-27 16:37:01.0,980.4725168756025,7,2023-08-27 16:37:01.0,138.73333333333332
2023-08-27 16:37:07.0,0.5013985344312386,2023-08-27 16:37:07.0,136.86666666666665,2023-08-27 16:37:07.0,8,2023-08-27 16:37:07.0,98.96033136034154,2023-08-27 16:37:07.0,1065600,2023-08-27 16:37:07.0,796908.0,2023-08-27 16:37:07.0,496.3944397195822,2023-08-27 16:37:07.0,980.4806277587053,7,2023-08-27 16:37:07.0,136.86666666666665
2023-08-27 16:37:13.0,0.5174985163475834,2023-08-27 16:37:13.0,139.73333333333332,2023-08-27 16:37:13.0,8,2023-08-27 16:37:13.0,98.96134724548887,2023-08-27 16:37:13.0,1065960,2023-08-27 16:37:13.0,797788.0,2023-08-27 16:37:13.0,501.34227477360713,2023-08-27 16:37:13.0,984.6533713200379,7,2023-08-27 16:37:13.0,139.73333333333332
2023-08-27 16:37:19.0,0.47384303799382826,2023-08-27 16:37:19.0,140.66666666666666,2023-08-27 16:37:19.0,8,2023-08-27 16:37:19.0,98.9624074121485,2023-08-27 16:37:19.0,1067760,2023-08-27 16:37:19.0,798714.0,2023-08-27 16:37:19.0,495.13294500472296,2023-08-27 16:37:19.0,984.1820768136556,8,2023-08-27 16:37:19.0,140.66666666666666
2023-08-27 16:37:25.0,0.49638173333488195,2023-08-27 16:37:25.0,134.6,2023-08-27 16:37:25.0,8,2023-08-27 16:37:25.0,98.96317891131696,2023-08-27 16:37:25.0,1068120,2023-08-27 16:37:25.0,799548.0,2023-08-27 16:37:25.0,486.0597774353417,2023-08-27 16:37:25.0,980.0,7,2023-08-27 16:37:25.0,134.6
2023-08-27 16:37:31.0,0.4997065302531944,2023-08-27 16:37:31.0,132.06666666666666,2023-08-27 16:37:31.0,8,2023-08-27 16:37:31.0,98.96386365291497,2023-08-27 16:37:31.0,1068480,2023-08-27 16:37:31.0,800193.0,2023-08-27 16:37:31.0,484.61846449420165,2023-08-27 16:37:31.0,980.0000000000001,7,2023-08-27 16:37:31.0,132.06666666666666
2023-08-27 16:37:37.0,0.4367320409806479,2023-08-27 16:37:37.0,128.33333333333334,2023-08-27 16:37:37.0,8,2023-08-27 16:37:37.0,98.96457307654482,2023-08-27 16:37:37.0,1069200,2023-08-27 16:37:37.0,800922.0,2023-08-27 16:37:37.0,485.6832281762912,2023-08-27 16:37:37.0,980.0,7,2023-08-27 16:37:37.0,128.33333333333334
2023-08-27 16:37:43.0,0.48481210211702963,2023-08-27 16:37:43.0,132.99601883942063,2023-08-27 16:37:43.0,8,2023-08-27 16:37:43.0,98.9655450645782,2023-08-27 16:37:43.0,1069560,2023-08-27 16:37:43.0,801795.0,2023-08-27 16:37:43.0,493.8034496684799,2023-08-27 16:37:43.0,980.0000000000001,7,2023-08-27 16:37:43.0,132.99601883942063
2023-08-27 16:37:49.0,0.4722614887257284,2023-08-27 16:37:49.0,137.53333333333333,2023-08-27 16:37:49.0,8,2023-08-27 16:37:49.0,98.96662289304163,2023-08-27 16:37:49.0,1069920,2023-08-27 16:37:49.0,802720.0,2023-08-27 16:37:49.0,492.5069969970899,2023-08-27 16:37:49.0,980.4759592034969,7,2023-08-27 16:37:49.0,137.53333333333333
2023-08-27 16:37:55.0,0.4598443215398388,2023-08-27 16:37:55.0,133.53733440028452,2023-08-27 16:37:55.0,8,2023-08-27 16:37:55.0,98.96735233668767,2023-08-27 16:37:55.0,1070280,2023-08-27 16:37:55.0,803523.0,2023-08-27 16:37:55.0,489.7257659301535,2023-08-27 16:37:55.0,980.4853743141682,7,2023-08-27 16:37:55.0,133.53733440028452
2023-08-27 16:38:01.0,0.4437748191897732,2023-08-27 16:38:01.0,127.4,2023-08-27 16:38:01.0,8,2023-08-27 16:38:01.0,98.96803113912122,2023-08-27 16:38:01.0,1070640,2023-08-27 16:38:01.0,804218.0,2023-08-27 16:38:01.0,490.92299100311936,2023-08-27 16:38:01.0,980.0,7,2023-08-27 16:38:01.0,127.4
2023-08-27 16:38:07.0,0.42817370718533854,2023-08-27 16:38:07.0,125.5959655203057,2023-08-27 16:38:07.0,8,2023-08-27 16:38:07.0,98.96871268939502,2023-08-27 16:38:07.0,1071360,2023-08-27 16:38:07.0,804849.0,2023-08-27 16:38:07.0,489.337877652858,2023-08-27 16:38:07.0,980.0,7,2023-08-27 16:38:07.0,125.5959655203057
2023-08-27 16:38:13.0,0.46987530018468804,2023-08-27 16:38:13.0,126.66666666666667,2023-08-27 16:38:13.0,8,2023-08-27 16:38:13.0,98.96959795216192,2023-08-27 16:38:13.0,1071720,2023-08-27 16:38:13.0,805657.0,2023-08-27 16:38:13.0,492.75999052037986,2023-08-27 16:38:13.0,980.0,7,2023-08-27 16:38:13.0,126.66666666666666
2023-08-27 16:38:19.0,0.46837809291159294,2023-08-27 16:38:19.0,135.1384013514715,2023-08-27 16:38:19.0,8,2023-08-27 16:38:19.0,98.97073105048054,2023-08-27 16:38:19.0,1073520,2023-08-27 16:38:19.0,806648.0,2023-08-27 16:38:19.0,502.4027696371408,2023-08-27 16:38:19.0,981.4529028207662,7,2023-08-27 16:38:19.0,135.1384013514715
2023-08-27 16:38:25.0,0.46701271063429634,2023-08-27 16:38:25.0,142.33333333333331,2023-08-27 16:38:25.0,8,2023-08-27 16:38:25.0,98.97152400924496,2023-08-27 16:38:25.0,1073880,2023-08-27 16:38:25.0,807534.0,2023-08-27 16:38:25.0,500.7515016464333,2023-08-27 16:38:25.0,981.3861386138614,8,2023-08-27 16:38:25.0,142.33333333333331
2023-08-27 16:38:31.0,0.437743421388723,2023-08-27 16:38:31.0,143.73333333333332,2023-08-27 16:38:31.0,8,2023-08-27 16:38:31.0,98.97231091595626,2023-08-27 16:38:31.0,1074240,2023-08-27 16:38:31.0,808352.0,2023-08-27 16:38:31.0,501.1466515725649,2023-08-27 16:38:31.0,983.2327992459942,8,2023-08-27 16:38:31.0,143.73333333333332
2023-08-27 16:38:37.0,0.41879901629079097,2023-08-27 16:38:37.0,145.4,2023-08-27 16:38:37.0,8,2023-08-27 16:38:37.0,98.97310066087006,2023-08-27 16:38:37.0,1074960,2023-08-27 16:38:37.0,809078.0,2023-08-27 16:38:37.0,500.56493549607416,2023-08-27 16:38:37.0,984.9540441176472,8,2023-08-27 16:38:37.0,145.4
2023-08-27 16:38:43.0,0.49214108018806496,2023-08-27 16:38:43.0,140.66666666666669,2023-08-27 16:38:43.0,8,2023-08-27 16:38:43.0,98.97433844953642,2023-08-27 16:38:43.0,1075320,2023-08-27 16:38:43.0,810130.0,2023-08-27 16:38:43.0,508.9044840759218,2023-08-27 16:38:43.0,989.7999999999998,8,2023-08-27 16:38:43.0,140.66666666666669
2023-08-27 16:38:49.0,0.48406177854675064,2023-08-27 16:38:49.0,139.5333333333333,2023-08-27 16:38:49.0,8,2023-08-27 16:38:49.0,98.97512357335266,2023-08-27 16:38:49.0,1075680,2023-08-27 16:38:49.0,810902.0,2023-08-27 16:38:49.0,504.76539294986145,2023-08-27 16:38:49.0,987.0775156475686,7,2023-08-27 16:38:49.0,139.5333333333333
2023-08-27 16:38:55.0,0.4691607838983626,2023-08-27 16:38:55.0,139.2,2023-08-27 16:38:55.0,8,2023-08-27 16:38:55.0,98.97593937112474,2023-08-27 16:38:55.0,1076040,2023-08-27 16:38:55.0,811796.0,2023-08-27 16:38:55.0,497.54651857259546,2023-08-27 16:38:55.0,984.2261619549591,7,2023-08-27 16:38:55.0,139.2
2023-08-27 16:39:01.0,0.5220528980516616,2023-08-27 16:39:01.0,142.46666666666667,2023-08-27 16:39:01.0,8,2023-08-27 16:39:01.0,98.97673896902323,2023-08-27 16:39:01.0,1076400,2023-08-27 16:39:01.0,812635.0,2023-08-27 16:39:01.0,495.9102612555035,2023-08-27 16:39:01.0,983.2086061739943,8,2023-08-27 16:39:01.0,142.46666666666667
2023-08-27 16:39:07.0,0.5355319028330426,2023-08-27 16:39:07.0,137.86666666666667,2023-08-27 16:39:07.0,8,2023-08-27 16:39:07.0,98.97756944860556,2023-08-27 16:39:07.0,1077120,2023-08-27 16:39:07.0,813316.0,2023-08-27 16:39:07.0,493.1234225752371,2023-08-27 16:39:07.0,982.3763336566439,7,2023-08-27 16:39:07.0,137.86666666666667
2023-08-27 16:39:13.0,0.526648496095569,2023-08-27 16:39:13.0,130.6,2023-08-27 16:39:13.0,8,2023-08-27 16:39:13.0,98.97855098623346,2023-08-27 16:39:13.0,1077480,2023-08-27 16:39:13.0,814227.0,2023-08-27 16:39:13.0,488.9180916883508,2023-08-27 16:39:13.0,980.0,7,2023-08-27 16:39:13.0,130.6
2023-08-27 16:39:19.0,0.504283070131629,2023-08-27 16:39:19.0,129.86666666666667,2023-08-27 16:39:19.0,8,2023-08-27 16:39:19.0,98.97931939328976,2023-08-27 16:39:19.0,1079280,2023-08-27 16:39:19.0,815045.0,2023-08-27 16:39:19.0,486.4203700091695,2023-08-27 16:39:19.0,980.0,7,2023-08-27 16:39:19.0,129.86666666666667
2023-08-27 16:39:25.0,0.4767727878775446,2023-08-27 16:39:25.0,130.33333333333331,2023-08-27 16:39:25.0,8,2023-08-27 16:39:25.0,98.98002348009621,2023-08-27 16:39:25.0,1079640,2023-08-27 16:39:25.0,815791.0,2023-08-27 16:39:25.0,486.72282529244904,2023-08-27 16:39:25.0,980.0,7,2023-08-27 16:39:25.0,130.33333333333331
2023-08-27 16:39:31.0,0.4567568930166325,2023-08-27 16:39:31.0,132.86666666666665,2023-08-27 16:39:31.0,8,2023-08-27 16:39:31.0,98.9807381723716,2023-08-27 16:39:31.0,1080000,2023-08-27 16:39:31.0,816537.0,2023-08-27 16:39:31.0,485.6637696053484,2023-08-27 16:39:31.0,980.0000000000001,7,2023-08-27 16:39:31.0,132.86666666666665
2023-08-27 16:39:37.0,0.4456118000287127,2023-08-27 16:39:37.0,134.2,2023-08-27 16:39:37.0,8,2023-08-27 16:39:37.0,98.98163652896199,2023-08-27 16:39:37.0,1080720,2023-08-27 16:39:37.0,817306.0,2023-08-27 16:39:37.0,486.9445082525087,2023-08-27 16:39:37.0,980.4863523573201,7,2023-08-27 16:39:37.0,134.2
2023-08-27 16:39:43.0,0.4432181072216993,2023-08-27 16:39:43.0,137.4,2023-08-27 16:39:43.0,8,2023-08-27 16:39:43.0,98.98267130234744,2023-08-27 16:39:43.0,1081080,2023-08-27 16:39:43.0,818267.0,2023-08-27 16:39:43.0,488.0179635441005,2023-08-27 16:39:43.0,980.9514563106798,7,2023-08-27 16:39:43.0,137.4
2023-08-27 16:39:49.0,0.4266709042116927,2023-08-27 16:39:49.0,134.86666666666667,2023-08-27 16:39:49.0,8,2023-08-27 16:39:49.0,98.98341791274628,2023-08-27 16:39:49.0,1081440,2023-08-27 16:39:49.0,819083.0,2023-08-27 16:39:49.0,488.7496264962472,2023-08-27 16:39:49.0,980.4837117472853,7,2023-08-27 16:39:49.0,134.86666666666667
2023-08-27 16:39:55.0,0.45559386890951775,2023-08-27 16:39:55.0,136.26666666666665,2023-08-27 16:39:55.0,8,2023-08-27 16:39:55.0,98.98416188038698,2023-08-27 16:39:55.0,1081800,2023-08-27 16:39:55.0,819870.0,2023-08-27 16:39:55.0,490.54316002558085,2023-08-27 16:39:55.0,980.4832347140041,7,2023-08-27 16:39:55.0,136.26666666666668
2023-08-27 16:40:01.0,0.4704316362105249,2023-08-27 16:40:01.0,136.79999999999998,2023-08-27 16:40:01.0,8,2023-08-27 16:40:01.0,98.98488590255172,2023-08-27 16:40:01.0,1082160,2023-08-27 16:40:01.0,820624.0,2023-08-27 16:40:01.0,489.42114496350274,2023-08-27 16:40:01.0,980.0,7,2023-08-27 16:40:01.0,136.79999999999998
2023-08-27 16:40:07.0,0.4596242382403347,2023-08-27 16:40:07.0,136.6,2023-08-27 16:40:07.0,8,2023-08-27 16:40:07.0,98.9857872641578,2023-08-27 16:40:07.0,1082880,2023-08-27 16:40:07.0,821401.0,2023-08-27 16:40:07.0,491.677138929298,2023-08-27 16:40:07.0,980.0,7,2023-08-27 16:40:07.0,136.6
2023-08-27 16:40:13.0,0.48087483930127417,2023-08-27 16:40:13.0,135.13333333333333,2023-08-27 16:40:13.0,8,2023-08-27 16:40:13.0,98.98677039529741,2023-08-27 16:40:13.0,1083240,2023-08-27 16:40:13.0,822319.0,2023-08-27 16:40:13.0,500.105932768744,2023-08-27 16:40:13.0,981.9243986254296,7,2023-08-27 16:40:13.0,135.13333333333333
2023-08-27 16:40:19.0,0.4754875281174138,2023-08-27 16:40:19.0,136.53333333333333,2023-08-27 16:40:19.0,8,2023-08-27 16:40:19.0,98.98756536074703,2023-08-27 16:40:19.0,1085040,2023-08-27 16:40:19.0,823182.0,2023-08-27 16:40:19.0,503.8498109101504,2023-08-27 16:40:19.0,982.8795298726736,7,2023-08-27 16:40:19.0,136.53333333333333
2023-08-27 16:40:25.0,0.4680317924012879,2023-08-27 16:40:25.0,143.06666666666666,2023-08-27 16:40:25.0,8,2023-08-27 16:40:25.0,98.98835142060392,2023-08-27 16:40:25.0,1085400,2023-08-27 16:40:25.0,824028.0,2023-08-27 16:40:25.0,506.6978657036877,2023-08-27 16:40:25.0,986.0094339622642,8,2023-08-27 16:40:25.0,143.06666666666666
2023-08-27 16:40:31.0,0.46616064708186283,2023-08-27 16:40:31.0,143.6,2023-08-27 16:40:31.0,8,2023-08-27 16:40:31.0,98.98910746604487,2023-08-27 16:40:31.0,1085640,2023-08-27 16:40:31.0,824823.0,2023-08-27 16:40:31.0,504.5222834035924,2023-08-27 16:40:31.0,985.032679738562,8,2023-08-27 16:40:31.0,143.6
2023-08-27 16:40:37.0,0.47848784307989395,2023-08-27 16:40:37.0,146.53333333333333,2023-08-27 16:40:37.0,8,2023-08-27 16:40:37.0,98.99002555871472,2023-08-27 16:40:37.0,1086480,2023-08-27 16:40:37.0,825636.0,2023-08-27 16:40:37.0,506.7643121127522,2023-08-27 16:40:37.0,984.0589047399909,8,2023-08-27 16:40:37.0,146.53333333333333
2023-08-27 16:40:43.0,0.4677776728713881,2023-08-27 16:40:43.0,145.73333333333335,2023-08-27 16:40:43.0,8,2023-08-27 16:40:43.0,98.99106053638623,2023-08-27 16:40:43.0,1086840,2023-08-27 16:40:43.0,826633.0,2023-08-27 16:40:43.0,502.85054664813475,2023-08-27 16:40:43.0,985.030331311246,8,2023-08-27 16:40:43.0,145.73333333333335
2023-08-27 16:40:49.0,0.4893542516689702,2023-08-27 16:40:49.0,141.6,2023-08-27 16:40:49.0,8,2023-08-27 16:40:49.0,98.99127569710832,2023-08-27 16:40:49.0,1087200,2023-08-27 16:40:49.0,827489.0,2023-08-27 16:40:49.0,503.8769914157407,2023-08-27 16:40:49.0,992.4752475247525,8,2023-08-27 16:40:49.0,141.6
2023-08-27 16:40:55.0,0.5040569868783487,2023-08-27 16:40:55.0,141.33333333333331,2023-08-27 16:40:55.0,8,2023-08-27 16:40:55.0,98.99201259098686,2023-08-27 16:40:55.0,1087560,2023-08-27 16:40:55.0,828286.0,2023-08-27 16:40:55.0,501.8820984848803,2023-08-27 16:40:55.0,994.5847335573691,8,2023-08-27 16:40:55.0,141.33333333333331
2023-08-27 16:41:01.0,0.5083885121340326,2023-08-27 16:41:01.0,143.73333333333335,2023-08-27 16:41:01.0,8,2023-08-27 16:41:01.0,98.99278406557109,2023-08-27 16:41:01.0,1088280,2023-08-27 16:41:01.0,829114.0,2023-08-27 16:41:01.0,491.4445644843691,2023-08-27 16:41:01.0,981.8292113859076,8,2023-08-27 16:41:01.0,143.73333333333335
2023-08-27 16:41:07.0,0.5258016264837433,2023-08-27 16:41:07.0,143.53333333333333,2023-08-27 16:41:07.0,8,2023-08-27 16:41:07.0,98.9936880344821,2023-08-27 16:41:07.0,1088640,2023-08-27 16:41:07.0,829907.0,2023-08-27 16:41:07.0,494.95548892577483,2023-08-27 16:41:07.0,981.8326320710613,8,2023-08-27 16:41:07.0,143.53333333333333
2023-08-27 16:41:13.0,0.4990915461795438,2023-08-27 16:41:13.0,143.9333333333333,2023-08-27 16:41:13.0,8,2023-08-27 16:41:13.0,98.99466880925713,2023-08-27 16:41:13.0,1089000,2023-08-27 16:41:13.0,830914.0,2023-08-27 16:41:14.0,505.64651527386997,2023-08-27 16:41:14.0,988.1327800829877,8,2023-08-27 16:41:14.0,143.9333333333333
2023-08-27 16:41:20.0,0.5258378142636745,2023-08-27 16:41:20.0,142.9333333333333,2023-08-27 16:41:20.0,8,2023-08-27 16:41:20.0,98.995463294617,2023-08-27 16:41:20.0,1090800,2023-08-27 16:41:20.0,831791.0,2023-08-27 16:41:20.0,506.2132886634294,2023-08-27 16:41:20.0,988.1894150417826,8,2023-08-27 16:41:20.0,142.9333333333333
2023-08-27 16:41:26.0,0.4866994653043638,2023-08-27 16:41:26.0,137.26666666666665,2023-08-27 16:41:26.0,8,2023-08-27 16:41:26.0,98.99613773075309,2023-08-27 16:41:26.0,1091160,2023-08-27 16:41:26.0,832532.0,2023-08-27 16:41:26.0,493.34838997563725,2023-08-27 16:41:26.0,980.4778156996588,7,2023-08-27 16:41:26.0,137.26666666666665
2023-08-27 16:41:32.0,0.5353985180223158,2023-08-27 16:41:32.0,140.79536123700348,2023-08-27 16:41:32.0,8,2023-08-27 16:41:32.0,98.99692046741924,2023-08-27 16:41:32.0,1091880,2023-08-27 16:41:32.0,833397.0,2023-08-27 16:41:32.0,501.992017434475,2023-08-27 16:41:32.0,985.6646736839076,8,2023-08-27 16:41:32.0,140.79536123700348
2023-08-27 16:41:38.0,0.5090501146649663,2023-08-27 16:41:38.0,146.53333333333333,2023-08-27 16:41:38.0,8,2023-08-27 16:41:38.0,98.99786739976535,2023-08-27 16:41:38.0,1092240,2023-08-27 16:41:38.0,834221.0,2023-08-27 16:41:38.0,521.8717379289135,2023-08-27 16:41:38.0,1025.869565217388,8,2023-08-27 16:41:38.0,146.53333333333333
2023-08-27 16:41:44.0,0.5020726529787498,2023-08-27 16:41:44.0,146.33333333333331,2023-08-27 16:41:44.0,8,2023-08-27 16:41:44.0,98.99889454122776,2023-08-27 16:41:44.0,1092600,2023-08-27 16:41:44.0,835202.0,2023-08-27 16:41:44.0,518.2703417757813,2023-08-27 16:41:44.0,996.7019806540766,8,2023-08-27 16:41:44.0,146.33333333333331
2023-08-27 16:41:50.0,0.5440116846160874,2023-08-27 16:41:50.0,145.26666666666668,2023-08-27 16:41:50.0,8,2023-08-27 16:41:50.0,98.9997016015156,2023-08-27 16:41:50.0,1092960,2023-08-27 16:41:50.0,836105.0,2023-08-27 16:41:50.0,498.08696262004423,2023-08-27 16:41:50.0,980.8990825688073,8,2023-08-27 16:41:50.0,145.26666666666668
2023-08-27 16:41:56.0,0.5136249438289854,2023-08-27 16:41:56.0,143.26666666666665,2023-08-27 16:41:56.0,8,2023-08-27 16:41:56.0,98.99974041269216,2023-08-27 16:41:56.0,1093320,2023-08-27 16:41:56.0,836913.0,2023-08-27 16:41:56.0,513.0328254626912,2023-08-27 16:41:56.0,996.380133715377,8,2023-08-27 16:41:56.0,143.26666666666665
2023-08-27 16:42:02.0,0.4977607567053248,2023-08-27 16:42:02.0,146.13333333333335,2023-08-27 16:42:02.0,8,2023-08-27 16:42:02.0,98.99885663486812,2023-08-27 16:42:02.0,1094040,2023-08-27 16:42:02.0,837743.0,2023-08-27 16:42:02.0,530.9223575124244,2023-08-27 16:42:02.0,1249.2307692307681,8,2023-08-27 16:42:02.0,146.13333333333335
2023-08-27 16:42:08.0,0.5379400333518572,2023-08-27 16:42:08.0,144.53333333333333,2023-08-27 16:42:08.0,8,2023-08-27 16:42:08.0,98.99976220554714,2023-08-27 16:42:08.0,1094400,2023-08-27 16:42:08.0,838543.0,2023-08-27 16:42:08.0,526.9639382198465,2023-08-27 16:42:08.0,1165.5172413793089,8,2023-08-27 16:42:08.0,144.53333333333333
2023-08-27 16:42:14.0,0.5461119605295424,2023-08-27 16:42:14.0,139.66666666666666,2023-08-27 16:42:14.0,8,2023-08-27 16:42:14.0,99.00078578069083,2023-08-27 16:42:14.0,1094760,2023-08-27 16:42:14.0,839562.0,2023-08-27 16:42:14.0,510.151223691005,2023-08-27 16:42:14.0,993.1796349663783,7,2023-08-27 16:42:14.0,139.66666666666666
2023-08-27 16:42:20.0,0.5143097893630821,2023-08-27 16:42:20.0,133.46666666666664,2023-08-27 16:42:20.0,8,2023-08-27 16:42:20.0,99.0014776697256,2023-08-27 16:42:20.0,1096560,2023-08-27 16:42:20.0,840375.0,2023-08-27 16:42:20.0,488.39203961345,2023-08-27 16:42:20.0,980.0,7,2023-08-27 16:42:20.0,133.46666666666664
2023-08-27 16:42:26.0,0.5160394694611462,2023-08-27 16:42:26.0,134.33333333333331,2023-08-27 16:42:26.0,8,2023-08-27 16:42:26.0,99.00215112851325,2023-08-27 16:42:26.0,1096920,2023-08-27 16:42:26.0,841052.0,2023-08-27 16:42:26.0,483.31620307803587,2023-08-27 16:42:26.0,979.9999999999999,7,2023-08-27 16:42:26.0,134.33333333333331
2023-08-27 16:42:32.0,0.5106925564754942,2023-08-27 16:42:32.0,135.06666666666666,2023-08-27 16:42:32.0,8,2023-08-27 16:42:32.0,99.00285444320002,2023-08-27 16:42:32.0,1097640,2023-08-27 16:42:32.0,841821.0,2023-08-27 16:42:32.0,483.0587613111433,2023-08-27 16:42:32.0,980.0,7,2023-08-27 16:42:32.0,135.06666666666666
2023-08-27 16:42:38.0,0.5053098392687704,2023-08-27 16:42:38.0,138.93333333333334,2023-08-27 16:42:38.0,8,2023-08-27 16:42:38.0,99.00375203815757,2023-08-27 16:42:38.0,1098000,2023-08-27 16:42:38.0,842618.0,2023-08-27 16:42:38.0,491.0104193217359,2023-08-27 16:42:38.0,980.9324452901999,7,2023-08-27 16:42:38.0,138.93333333333334
2023-08-27 16:42:44.0,0.5067560726057594,2023-08-27 16:42:44.0,135.6,2023-08-27 16:42:44.0,8,2023-08-27 16:42:44.0,99.00473263192153,2023-08-27 16:42:44.0,1098360,2023-08-27 16:42:44.0,843621.0,2023-08-27 16:42:44.0,489.79677307921554,2023-08-27 16:42:44.0,981.4576103123452,7,2023-08-27 16:42:44.0,135.6
2023-08-27 16:42:50.0,0.48317923164570165,2023-08-27 16:42:50.0,133.46666666666664,2023-08-27 16:42:50.0,8,2023-08-27 16:42:50.0,99.00541677960149,2023-08-27 16:42:50.0,1098720,2023-08-27 16:42:50.0,844419.0,2023-08-27 16:42:50.0,492.26833093956344,2023-08-27 16:42:50.0,981.4707353676838,7,2023-08-27 16:42:50.0,133.46666666666664
2023-08-27 16:42:56.0,0.4766754240469241,2023-08-27 16:42:56.0,135.6,2023-08-27 16:42:56.0,8,2023-08-27 16:42:56.0,99.00608883103182,2023-08-27 16:42:56.0,1099080,2023-08-27 16:42:56.0,845115.0,2023-08-27 16:42:56.0,492.27281606983166,2023-08-27 16:42:56.0,980.9645669291339,7,2023-08-27 16:42:56.0,135.6
2023-08-27 16:43:02.0,0.48958217518441294,2023-08-27 16:43:02.0,133.26666666666665,2023-08-27 16:43:02.0,8,2023-08-27 16:43:02.0,99.00676819442543,2023-08-27 16:43:02.0,1099800,2023-08-27 16:43:02.0,845875.0,2023-08-27 16:43:02.0,485.6557793281552,2023-08-27 16:43:02.0,979.9999999999999,7,2023-08-27 16:43:02.0,133.26666666666665
2023-08-27 16:43:08.0,0.48439255950493715,2023-08-27 16:43:08.0,141.1333333333333,2023-08-27 16:43:08.0,8,2023-08-27 16:43:08.0,99.00771538759494,2023-08-27 16:43:08.0,1100160,2023-08-27 16:43:08.0,846807.0,2023-08-27 16:43:08.0,492.70184148442894,2023-08-27 16:43:08.0,981.4107485604605,8,2023-08-27 16:43:08.0,141.1333333333333
2023-08-27 16:43:14.0,0.47416292909686686,2023-08-27 16:43:14.0,147.39999999999998,2023-08-27 16:43:14.0,8,2023-08-27 16:43:14.0,99.00880200257566,2023-08-27 16:43:14.0,1100520,2023-08-27 16:43:14.0,847828.0,2023-08-27 16:43:14.0,507.58304391723806,2023-08-27 16:43:14.0,983.560399636694,8,2023-08-27 16:43:14.0,147.39999999999998
2023-08-27 16:43:20.0,0.5161538130787517,2023-08-27 16:43:20.0,144.2,2023-08-27 16:43:20.0,8,2023-08-27 16:43:20.0,99.00950935373706,2023-08-27 16:43:20.0,1102320,2023-08-27 16:43:20.0,848682.0,2023-08-27 16:43:20.0,500.3365064502361,2023-08-27 16:43:20.0,984.5412418906394,8,2023-08-27 16:43:20.0,144.2
2023-08-27 16:43:26.0,0.490454189075753,2023-08-27 16:43:26.0,139.46666666666667,2023-08-27 16:43:26.0,8,2023-08-27 16:43:26.0,99.01007533513344,2023-08-27 16:43:26.0,1102680,2023-08-27 16:43:26.0,849361.0,2023-08-27 16:43:26.0,504.18902374874983,2023-08-27 16:43:26.0,991.3458755426919,7,2023-08-27 16:43:26.0,139.46666666666667
2023-08-27 16:43:32.0,0.5085301921251104,2023-08-27 16:43:32.0,137.93333333333334,2023-08-27 16:43:32.0,8,2023-08-27 16:43:32.0,99.01076241067709,2023-08-27 16:43:32.0,1103400,2023-08-27 16:43:32.0,850142.0,2023-08-27 16:43:32.0,499.3482989418969,2023-08-27 16:43:32.0,990.1579466929912,7,2023-08-27 16:43:32.0,137.93333333333334
2023-08-27 16:43:38.0,0.5178890163824061,2023-08-27 16:43:38.0,135.53333333333333,2023-08-27 16:43:38.0,8,2023-08-27 16:43:38.0,99.01165899528245,2023-08-27 16:43:38.0,1103760,2023-08-27 16:43:38.0,850989.0,2023-08-27 16:43:38.0,497.4530224963844,2023-08-27 16:43:38.0,989.1274509803922,7,2023-08-27 16:43:38.0,135.53333333333333
2023-08-27 16:43:44.0,0.4940329127431493,2023-08-27 16:43:44.0,132.06666666666666,2023-08-27 16:43:44.0,8,2023-08-27 16:43:44.0,99.01256447331063,2023-08-27 16:43:44.0,1104120,2023-08-27 16:43:44.0,851856.0,2023-08-27 16:43:44.0,491.11531213697623,2023-08-27 16:43:44.0,980.0000000000001,7,2023-08-27 16:43:44.0,132.06666666666666
2023-08-27 16:43:50.0,0.5130710737882214,2023-08-27 16:43:50.0,132.26666666666662,2023-08-27 16:43:50.0,8,2023-08-27 16:43:50.0,99.01328317342774,2023-08-27 16:43:50.0,1104480,2023-08-27 16:43:50.0,852739.0,2023-08-27 16:43:50.0,489.9572720247873,2023-08-27 16:43:50.0,980.0000000000001,7,2023-08-27 16:43:50.0,132.26666666666662
2023-08-27 16:43:56.0,0.49123762556470973,2023-08-27 16:43:56.0,136.86666666666665,2023-08-27 16:43:56.0,8,2023-08-27 16:43:56.0,99.01398936919689,2023-08-27 16:43:56.0,1104840,2023-08-27 16:43:56.0,853452.0,2023-08-27 16:43:56.0,494.228773988789,2023-08-27 16:43:56.0,980.95703125,7,2023-08-27 16:43:56.0,136.86666666666665
2023-08-27 16:44:02.0,0.4915173775323883,2023-08-27 16:44:02.0,138.27056077882241,2023-08-27 16:44:02.0,8,2023-08-27 16:44:02.0,99.014659606835,2023-08-27 16:44:02.0,1105560,2023-08-27 16:44:02.0,854213.0,2023-08-27 16:44:02.0,491.7322284901772,2023-08-27 16:44:02.0,980.9445515418115,7,2023-08-27 16:44:02.0,138.27056077882241
2023-08-27 16:44:08.0,0.46948699706444674,2023-08-27 16:44:08.0,137.6,2023-08-27 16:44:08.0,8,2023-08-27 16:44:08.0,99.01551424418965,2023-08-27 16:44:08.0,1105920,2023-08-27 16:44:08.0,855062.0,2023-08-27 16:44:08.0,497.25051388225967,2023-08-27 16:44:08.0,981.4264919941775,7,2023-08-27 16:44:08.0,137.6
2023-08-27 16:44:14.0,0.4849320538350812,2023-08-27 16:44:14.0,136.13333333333333,2023-08-27 16:44:14.0,8,2023-08-27 16:44:14.0,99.01647622212604,2023-08-27 16:44:14.0,1106280,2023-08-27 16:44:14.0,855987.0,2023-08-27 16:44:14.0,490.3618791284273,2023-08-27 16:44:14.0,980.4825209256525,7,2023-08-27 16:44:14.0,136.13333333333333
2023-08-27 16:44:20.0,0.49564306084963416,2023-08-27 16:44:20.0,131.73333333333335,2023-08-27 16:44:20.0,8,2023-08-27 16:44:20.0,99.01715522462541,2023-08-27 16:44:20.0,1108080,2023-08-27 16:44:20.0,856802.0,2023-08-27 16:44:20.0,489.1195019098447,2023-08-27 16:44:20.0,979.9999999999999,7,2023-08-27 16:44:20.0,131.73333333333335
2023-08-27 16:44:26.0,0.4650447143981892,2023-08-27 16:44:26.0,135.46666666666667,2023-08-27 16:44:26.0,8,2023-08-27 16:44:26.0,99.01784083928816,2023-08-27 16:44:26.0,1108440,2023-08-27 16:44:26.0,857585.0,2023-08-27 16:44:26.0,487.72024108502785,2023-08-27 16:44:26.0,980.0,7,2023-08-27 16:44:26.0,135.46666666666667
2023-08-27 16:44:32.0,0.48328642100781793,2023-08-27 16:44:32.0,138.46666666666664,2023-08-27 16:44:32.0,8,2023-08-27 16:44:32.0,99.01852363195582,2023-08-27 16:44:32.0,1109160,2023-08-27 16:44:32.0,858308.0,2023-08-27 16:44:32.0,488.2340046807415,2023-08-27 16:44:32.0,980.0,7,2023-08-27 16:44:32.0,138.46666666666664
2023-08-27 16:44:38.0,0.43889172505951257,2023-08-27 16:44:38.0,139.8,2023-08-27 16:44:38.0,8,2023-08-27 16:44:38.0,99.01938297159532,2023-08-27 16:44:38.0,1109520,2023-08-27 16:44:38.0,859162.0,2023-08-27 16:44:38.0,486.08242172846235,2023-08-27 16:44:38.0,980.9395973154362,7,2023-08-27 16:44:38.0,139.8
2023-08-27 16:44:44.0,0.4088343285668031,2023-08-27 16:44:44.0,140.0,2023-08-27 16:44:44.0,8,2023-08-27 16:44:44.0,99.02037788759539,2023-08-27 16:44:44.0,1109880,2023-08-27 16:44:44.0,860124.0,2023-08-27 16:44:44.0,487.44484071424137,2023-08-27 16:44:44.0,980.9328891004283,7,2023-08-27 16:44:44.0,140.0
2023-08-27 16:44:50.0,0.4884558909421671,2023-08-27 16:44:50.0,135.6,2023-08-27 16:44:50.0,8,2023-08-27 16:44:50.0,99.02106328838161,2023-08-27 16:44:50.0,1110240,2023-08-27 16:44:50.0,860957.0,2023-08-27 16:44:50.0,490.2239755333772,2023-08-27 16:44:50.0,980.0,7,2023-08-27 16:44:50.0,135.6
2023-08-27 16:44:56.0,0.44658211712208906,2023-08-27 16:44:56.0,138.93333333333334,2023-08-27 16:44:56.0,8,2023-08-27 16:44:56.0,99.021774273382,2023-08-27 16:44:56.0,1110600,2023-08-27 16:44:56.0,861768.0,2023-08-27 16:44:56.0,492.4023394514315,2023-08-27 16:44:56.0,980.0,7,2023-08-27 16:44:56.0,138.93333333333334
2023-08-27 16:45:02.0,0.501822280595737,2023-08-27 16:45:02.0,143.46666666666667,2023-08-27 16:45:02.0,8,2023-08-27 16:45:02.0,99.0224423066112,2023-08-27 16:45:02.0,1111320,2023-08-27 16:45:02.0,862493.0,2023-08-27 16:45:02.0,491.39228552869395,2023-08-27 16:45:02.0,980.0,8,2023-08-27 16:45:02.0,143.46666666666667
2023-08-27 16:45:08.0,0.5060957501561343,2023-08-27 16:45:08.0,147.86666666666665,2023-08-27 16:45:08.0,8,2023-08-27 16:45:08.0,99.02350283203609,2023-08-27 16:45:08.0,1111680,2023-08-27 16:45:08.0,863540.0,2023-08-27 16:45:08.0,493.88253614516276,2023-08-27 16:45:08.0,981.7602155365963,8,2023-08-27 16:45:08.0,147.86666666666665
2023-08-27 16:45:14.0,0.4650197655673397,2023-08-27 16:45:14.0,151.9333333333333,2023-08-27 16:45:14.0,8,2023-08-27 16:45:14.0,99.02427467503186,2023-08-27 16:45:14.0,1113480,2023-08-27 16:45:14.0,864489.0,2023-08-27 16:45:14.0,507.97495281810035,2023-08-27 16:45:14.0,992.1739130434784,8,2023-08-27 16:45:14.0,151.9333333333333
2023-08-27 16:45:20.0,0.5267752853992823,2023-08-27 16:45:20.0,150.39999999999998,2023-08-27 16:45:20.0,8,2023-08-27 16:45:20.0,99.02500739169216,2023-08-27 16:45:20.0,1113840,2023-08-27 16:45:20.0,865392.0,2023-08-27 16:45:20.0,514.289075581018,2023-08-27 16:45:20.0,998.2222222222225,8,2023-08-27 16:45:20.0,150.39999999999998
2023-08-27 16:45:26.0,0.5009276674624834,2023-08-27 16:45:26.0,146.46666666666667,2023-08-27 16:45:26.0,8,2023-08-27 16:45:26.0,99.02571802009496,2023-08-27 16:45:26.0,1114200,2023-08-27 16:45:26.0,866221.0,2023-08-27 16:45:26.0,496.7663585027052,2023-08-27 16:45:26.0,986.3109475620975,8,2023-08-27 16:45:26.0,146.46666666666667
2023-08-27 16:45:32.0,0.4939140023763618,2023-08-27 16:45:32.0,147.2,2023-08-27 16:45:32.0,8,2023-08-27 16:45:32.0,99.0264111790887,2023-08-27 16:45:32.0,1114920,2023-08-27 16:45:32.0,866958.0,2023-08-27 16:45:32.0,506.07439526629884,2023-08-27 16:45:32.0,991.3111726685133,8,2023-08-27 16:45:32.0,146.79999999999998
2023-08-27 16:45:38.0,0.5073920644832568,2023-08-27 16:45:38.0,143.06666666666666,2023-08-27 16:45:38.0,8,2023-08-27 16:45:38.0,99.02753971965349,2023-08-27 16:45:38.0,1115280,2023-08-27 16:45:38.0,868003.0,2023-08-27 16:45:38.0,503.75186411552994,2023-08-27 16:45:38.0,985.9700093720713,8,2023-08-27 16:45:38.0,143.06666666666666
2023-08-27 16:45:44.0,0.549251239604043,2023-08-27 16:45:44.0,139.73333333333332,2023-08-27 16:45:44.0,8,2023-08-27 16:45:44.0,99.02827949908014,2023-08-27 16:45:44.0,1115640,2023-08-27 16:45:44.0,868872.0,2023-08-27 16:45:44.0,495.1149839929265,2023-08-27 16:45:44.0,980.9275911026975,7,2023-08-27 16:45:44.0,139.73333333333332
2023-08-27 16:45:50.0,0.5126699388756419,2023-08-27 16:45:50.0,142.13333333333333,2023-08-27 16:45:50.0,8,2023-08-27 16:45:50.0,99.02897612104951,2023-08-27 16:45:50.0,1116000,2023-08-27 16:45:50.0,869693.0,2023-08-27 16:45:50.0,492.85513622092043,2023-08-27 16:45:50.0,980.9240924092409,8,2023-08-27 16:45:50.0,142.13333333333333
2023-08-27 16:45:56.0,0.5071918407919067,2023-08-27 16:45:56.0,144.6,2023-08-27 16:45:56.0,8,2023-08-27 16:45:56.0,99.02971036395537,2023-08-27 16:45:56.0,1116360,2023-08-27 16:45:56.0,870527.0,2023-08-27 16:45:56.0,494.9209623734715,2023-08-27 16:45:56.0,981.819870009285,8,2023-08-27 16:45:56.0,144.6
2023-08-27 16:46:02.0,0.5471834148257039,2023-08-27 16:46:02.0,148.66666666666666,2023-08-27 16:46:02.0,8,2023-08-27 16:46:02.0,99.03060060399956,2023-08-27 16:46:02.0,1117080,2023-08-27 16:46:02.0,871380.0,2023-08-27 16:46:02.0,505.2083688902813,2023-08-27 16:46:02.0,984.8690153568203,8,2023-08-27 16:46:02.0,148.66666666666666
2023-08-27 16:46:08.0,0.5146885926586293,2023-08-27 16:46:08.0,150.2,2023-08-27 16:46:08.0,8,2023-08-27 16:46:08.0,99.03158990863015,2023-08-27 16:46:08.0,1117440,2023-08-27 16:46:08.0,872398.0,2023-08-27 16:46:08.0,507.6558039614012,2023-08-27 16:46:08.0,983.4828964904486,8,2023-08-27 16:46:08.0,150.2
2023-08-27 16:46:14.0,0.4747738016141725,2023-08-27 16:46:14.0,150.93333333333334,2023-08-27 16:46:14.0,8,2023-08-27 16:46:14.0,99.03235652317008,2023-08-27 16:46:14.0,1119240,2023-08-27 16:46:14.0,873320.0,2023-08-27 16:46:14.0,511.0261191677762,2023-08-27 16:46:14.0,984.7847314691523,8,2023-08-27 16:46:14.0,150.93333333333334
2023-08-27 16:46:20.0,0.5234752550352612,2023-08-27 16:46:20.0,144.2,2023-08-27 16:46:20.0,8,2023-08-27 16:46:20.0,99.0330299573028,2023-08-27 16:46:20.0,1119600,2023-08-27 16:46:20.0,874102.0,2023-08-27 16:46:20.0,494.63601942543323,2023-08-27 16:46:20.0,982.7209625173532,8,2023-08-27 16:46:20.0,144.2
2023-08-27 16:46:26.0,0.534742309317023,2023-08-27 16:46:26.0,144.79999999999998,2023-08-27 16:46:26.0,8,2023-08-27 16:46:26.0,99.03371874899332,2023-08-27 16:46:26.0,1119960,2023-08-27 16:46:26.0,874915.0,2023-08-27 16:46:26.0,486.0965046093781,2023-08-27 16:46:26.0,980.9133271202238,8,2023-08-27 16:46:26.0,144.79999999999998
2023-08-27 16:46:32.0,0.5238667480373824,2023-08-27 16:46:32.0,142.86666666666667,2023-08-27 16:46:32.0,8,2023-08-27 16:46:32.0,99.03458730477396,2023-08-27 16:46:32.0,1120680,2023-08-27 16:46:32.0,875729.0,2023-08-27 16:46:32.0,494.13053790691544,2023-08-27 16:46:32.0,980.0,8,2023-08-27 16:46:32.0,142.86666666666667
2023-08-27 16:46:38.0,0.510191198491194,2023-08-27 16:46:38.0,144.86666666666667,2023-08-27 16:46:38.0,8,2023-08-27 16:46:38.0,99.03555314903852,2023-08-27 16:46:38.0,1121040,2023-08-27 16:46:38.0,876744.0,2023-08-27 16:46:38.0,497.5759972978164,2023-08-27 16:46:38.0,980.4499540863176,8,2023-08-27 16:46:38.0,144.86666666666667
2023-08-27 16:46:44.0,0.5074188891740845,2023-08-27 16:46:44.0,144.53333333333333,2023-08-27 16:46:44.0,8,2023-08-27 16:46:44.0,99.03629867841104,2023-08-27 16:46:44.0,1121400,2023-08-27 16:46:44.0,877644.0,2023-08-27 16:46:44.0,494.7343085403398,2023-08-27 16:46:44.0,981.3573407202217,8,2023-08-27 16:46:44.0,144.53333333333333
2023-08-27 16:46:50.0,0.5447275544147999,2023-08-27 16:46:50.0,143.66666666666666,2023-08-27 16:46:50.0,8,2023-08-27 16:46:50.0,99.03700827079427,2023-08-27 16:46:50.0,1121760,2023-08-27 16:46:50.0,878463.0,2023-08-27 16:46:50.0,497.41650374731597,2023-08-27 16:46:50.0,982.2769516728623,8,2023-08-27 16:46:50.0,143.66666666666666
2023-08-27 16:46:56.0,0.5128755345195708,2023-08-27 16:46:56.0,147.6,2023-08-27 16:46:56.0,8,2023-08-27 16:46:56.0,99.03773659485363,2023-08-27 16:46:56.0,1122120,2023-08-27 16:46:56.0,879319.0,2023-08-27 16:46:56.0,496.34982540571895,2023-08-27 16:46:56.0,982.6522327469552,8,2023-08-27 16:46:56.0,147.6
2023-08-27 16:47:02.0,0.4403402330001903,2023-08-27 16:47:02.0,148.06666666666666,2023-08-27 16:47:02.0,8,2023-08-27 16:47:02.0,99.0385854262059,2023-08-27 16:47:02.0,1122840,2023-08-27 16:47:02.0,880135.0,2023-08-27 16:47:02.0,497.14556981206914,2023-08-27 16:47:02.0,982.6438848920865,8,2023-08-27 16:47:02.0,148.06666666666666
2023-08-27 16:47:08.0,0.5091435010966299,2023-08-27 16:47:08.0,150.13333333333335,2023-08-27 16:47:08.0,8,2023-08-27 16:47:08.0,99.03957762115493,2023-08-27 16:47:08.0,1123200,2023-08-27 16:47:08.0,881187.0,2023-08-27 16:47:08.0,500.3021339024691,2023-08-27 16:47:08.0,982.6250000000003,8,2023-08-27 16:47:08.0,150.13333333333335
2023-08-27 16:47:14.0,0.4805909145734769,2023-08-27 16:47:14.0,150.79999999999998,2023-08-27 16:47:14.0,8,2023-08-27 16:47:14.0,99.04033495199384,2023-08-27 16:47:14.0,1125000,2023-08-27 16:47:14.0,882110.0,2023-08-27 16:47:14.0,507.5644074864464,2023-08-27 16:47:14.0,983.4890965732087,8,2023-08-27 16:47:14.0,150.79999999999998
2023-08-27 16:47:20.0,0.5534987981028455,2023-08-27 16:47:20.0,148.33333333333331,2023-08-27 16:47:20.0,8,2023-08-27 16:47:20.0,99.0410394697584,2023-08-27 16:47:20.0,1125360,2023-08-27 16:47:20.0,882927.0,2023-08-27 16:47:20.0,509.090254131611,2023-08-27 16:47:20.0,982.6582278481011,8,2023-08-27 16:47:20.0,148.33333333333331
2023-08-27 16:47:26.0,0.5182622198192272,2023-08-27 16:47:26.0,145.0,2023-08-27 16:47:26.0,8,2023-08-27 16:47:26.0,99.04172662448964,2023-08-27 16:47:26.0,1126080,2023-08-27 16:47:26.0,883743.0,2023-08-27 16:47:26.0,511.5794378576426,2023-08-27 16:47:26.0,989.0239410681401,8,2023-08-27 16:47:26.0,145.0
2023-08-27 16:47:32.0,0.513107602379671,2023-08-27 16:47:32.0,143.39999999999998,2023-08-27 16:47:32.0,8,2023-08-27 16:47:32.0,99.042558768556,2023-08-27 16:47:32.0,1126440,2023-08-27 16:47:32.0,884541.0,2023-08-27 16:47:32.0,508.54586699766793,2023-08-27 16:47:32.0,988.6847014925371,8,2023-08-27 16:47:32.0,143.39999999999998
2023-08-27 16:47:38.0,0.5197413464027116,2023-08-27 16:47:38.0,143.2,2023-08-27 16:47:38.0,8,2023-08-27 16:47:38.0,99.04346055862983,2023-08-27 16:47:38.0,1126800,2023-08-27 16:47:38.0,885509.0,2023-08-27 16:47:38.0,509.07215648454275,2023-08-27 16:47:38.0,989.7397065783247,8,2023-08-27 16:47:38.0,143.2
2023-08-27 16:47:44.0,0.5676145882766722,2023-08-27 16:47:44.0,140.6,2023-08-27 16:47:44.0,8,2023-08-27 16:47:44.0,99.04417842495099,2023-08-27 16:47:44.0,1127160,2023-08-27 16:47:44.0,886390.0,2023-08-27 16:47:44.0,501.5753031495923,2023-08-27 16:47:44.0,983.2682229633159,8,2023-08-27 16:47:44.0,140.6
2023-08-27 16:47:50.0,0.5512478555021505,2023-08-27 16:47:50.0,144.0,2023-08-27 16:47:50.0,8,2023-08-27 16:47:50.0,99.04489331827055,2023-08-27 16:47:51.0,1127520,2023-08-27 16:47:50.0,887226.0,2023-08-27 16:47:51.0,506.21798878332555,2023-08-27 16:47:51.0,987.7416356877326,8,2023-08-27 16:47:51.0,144.0
2023-08-27 16:47:57.0,0.49937853963757073,2023-08-27 16:47:57.0,144.66666666666666,2023-08-27 16:47:57.0,8,2023-08-27 16:47:57.0,99.0455321361833,2023-08-27 16:47:57.0,1128480,2023-08-27 16:47:57.0,888022.0,2023-08-27 16:47:57.0,504.966734898345,2023-08-27 16:47:57.0,986.8691588785047,8,2023-08-27 16:47:57.0,144.66666666666666
2023-08-27 16:48:03.0,0.5382670697608869,2023-08-27 16:48:03.0,148.79999999999998,2023-08-27 16:48:03.0,8,2023-08-27 16:48:03.0,99.04640682775435,2023-08-27 16:48:03.0,1128960,2023-08-27 16:48:03.0,888884.0,2023-08-27 16:48:03.0,512.5412562568443,2023-08-27 16:48:03.0,987.143507972665,8,2023-08-27 16:48:03.0,148.79999999999998
2023-08-27 16:48:09.0,0.5534321088035272,2023-08-27 16:48:09.0,155.46666666666667,2023-08-27 16:48:09.0,8,2023-08-27 16:48:09.0,99.04743547880358,2023-08-27 16:48:09.0,1129440,2023-08-27 16:48:09.0,889995.0,2023-08-27 16:48:09.0,516.134355123319,2023-08-27 16:48:09.0,988.1239092495638,8,2023-08-27 16:48:09.0,155.46666666666667
2023-08-27 16:48:15.0,0.5208605090486307,2023-08-27 16:48:15.0,160.37908833333333,2023-08-27 16:48:15.0,10,2023-08-27 16:48:15.0,99.04707926158018,2023-08-27 16:48:15.0,1131360,2023-08-27 16:48:15.0,890996.0,2023-08-27 16:48:15.0,552.0963886397898,2023-08-27 16:48:15.0,1221.4079555094722,8,2023-08-27 16:48:15.0,160.38363833333332
2023-08-27 16:48:21.0,0.501746576657628,2023-08-27 16:48:21.0,150.51934666666665,2023-08-27 16:48:21.0,10,2023-08-27 16:48:21.0,99.04218474525382,2023-08-27 16:48:21.0,1131840,2023-08-27 16:48:21.0,891789.0,2023-08-27 16:48:21.0,595.7535624481225,2023-08-27 16:48:21.0,1745.748024213705,8,2023-08-27 16:48:21.0,150.52715666666666
2023-08-27 16:48:27.0,0.4904093267141196,2023-08-27 16:48:27.0,149.01400999999998,2023-08-27 16:48:27.0,10,2023-08-27 16:48:27.0,99.02877272745675,2023-08-27 16:48:27.0,1132800,2023-08-27 16:48:27.0,892712.0,2023-08-27 16:48:27.0,780.8106121667583,2023-08-27 16:48:27.0,67032.59815022702,8,2023-08-27 16:48:27.0,149.03388999999999
2023-08-27 16:48:33.0,0.5255806985042326,2023-08-27 16:48:33.0,145.86666666666665,2023-08-27 16:48:33.0,10,2023-08-27 16:48:33.0,99.02563331732424,2023-08-27 16:48:33.0,1133280,2023-08-27 16:48:33.0,893485.0,2023-08-27 16:48:33.0,803.5003411020324,2023-08-27 16:48:33.0,72307.06304474753,8,2023-08-27 16:48:33.0,145.86666666666665
2023-08-27 16:48:39.0,0.5473857952090558,2023-08-27 16:48:39.0,145.2,2023-08-27 16:48:39.0,10,2023-08-27 16:48:39.0,99.02624315135255,2023-08-27 16:48:39.0,1133760,2023-08-27 16:48:39.0,894584.0,2023-08-27 16:48:39.0,684.123759525875,2023-08-27 16:48:39.0,56330.43471294833,8,2023-08-27 16:48:39.0,145.2
2023-08-27 16:48:45.0,0.4987222688404357,2023-08-27 16:48:45.0,143.99999999999997,2023-08-27 16:48:45.0,10,2023-08-27 16:48:45.0,99.02657418528634,2023-08-27 16:48:45.0,1134240,2023-08-27 16:48:45.0,895445.0,2023-08-27 16:48:45.0,523.7532435676941,2023-08-27 16:48:45.0,1328.7242845871049,8,2023-08-27 16:48:45.0,143.99999999999997
2023-08-27 16:48:51.0,0.5404299379237919,2023-08-27 16:48:51.0,149.66666666666666,2023-08-27 16:48:51.0,10,2023-08-27 16:48:51.0,99.02701535714239,2023-08-27 16:48:51.0,1134720,2023-08-27 16:48:51.0,896228.0,2023-08-27 16:48:51.0,488.67743659187033,2023-08-27 16:48:51.0,980.8769574944072,8,2023-08-27 16:48:51.0,149.66666666666666
2023-08-27 16:48:57.0,0.5002014375307011,2023-08-27 16:48:57.0,150.5333333333333,2023-08-27 16:48:57.0,10,2023-08-27 16:48:57.0,99.02976708298046,2023-08-27 16:48:57.0,1135680,2023-08-27 16:48:57.0,897137.0,2023-08-27 16:48:57.0,486.91755705442887,2023-08-27 16:48:57.0,980.8680248007087,8,2023-08-27 16:48:57.0,150.5333333333333
2023-08-27 16:49:03.0,0.4642102745071923,2023-08-27 16:49:03.0,154.06666666666663,2023-08-27 16:49:03.0,10,2023-08-27 16:49:03.0,99.03029347252378,2023-08-27 16:49:03.0,1136160,2023-08-27 16:49:03.0,897995.0,2023-08-27 16:49:03.0,488.3453945815382,2023-08-27 16:49:03.0,980.0000000000001,8,2023-08-27 16:49:03.0,154.06666666666663
2023-08-27 16:49:09.0,0.4608593819622376,2023-08-27 16:49:09.0,152.5333333333333,2023-08-27 16:49:09.0,10,2023-08-27 16:49:09.0,99.03066781890752,2023-08-27 16:49:09.0,1136640,2023-08-27 16:49:09.0,899115.0,2023-08-27 16:49:09.0,500.5286812487794,2023-08-27 16:49:09.0,987.815684536996,8,2023-08-27 16:49:09.0,152.53333333333333
2023-08-27 16:49:15.0,0.4419875773742438,2023-08-27 16:49:15.0,151.6,2023-08-27 16:49:15.0,10,2023-08-27 16:49:15.0,99.03058337189378,2023-08-27 16:49:15.0,1138560,2023-08-27 16:49:15.0,900025.0,2023-08-27 16:49:15.0,508.74666056280984,2023-08-27 16:49:15.0,994.8023100844068,8,2023-08-27 16:49:15.0,151.6
2023-08-27 16:49:21.0,0.4805099283160633,2023-08-27 16:49:21.0,156.80205360714763,2023-08-27 16:49:21.0,10,2023-08-27 16:49:21.0,99.03073306256414,2023-08-27 16:49:21.0,1139040,2023-08-27 16:49:21.0,900853.0,2023-08-27 16:49:21.0,518.3259806458065,2023-08-27 16:49:21.0,1025.1341702703182,8,2023-08-27 16:49:21.0,156.80205360714763
2023-08-27 16:49:27.0,0.46327231621235815,2023-08-27 16:49:27.0,162.06666666666666,2023-08-27 16:49:27.0,10,2023-08-27 16:49:27.0,99.03235920566497,2023-08-27 16:49:27.0,1140000,2023-08-27 16:49:27.0,901868.0,2023-08-27 16:49:27.0,528.9156155938499,2023-08-27 16:49:27.0,1142.8571428571386,9,2023-08-27 16:49:27.0,162.06666666666666
2023-08-27 16:49:33.0,0.4631929826170091,2023-08-27 16:49:33.0,168.8,2023-08-27 16:49:33.0,10,2023-08-27 16:49:33.0,99.03304870475388,2023-08-27 16:49:33.0,1140480,2023-08-27 16:49:33.0,902797.0,2023-08-27 16:49:33.0,522.6842423573189,2023-08-27 16:49:33.0,998.5725806451612,9,2023-08-27 16:49:33.0,168.8
2023-08-27 16:49:39.0,0.4777501263717736,2023-08-27 16:49:39.0,164.73333333333332,2023-08-27 16:49:39.0,10,2023-08-27 16:49:39.0,99.03400372324275,2023-08-27 16:49:39.0,1140960,2023-08-27 16:49:39.0,904000.0,2023-08-27 16:49:39.0,498.5790508239005,2023-08-27 16:49:39.0,982.7977161500814,9,2023-08-27 16:49:39.0,164.73333333333335
2023-08-27 16:49:45.0,0.4763805926247388,2023-08-27 16:49:45.0,159.66666666666666,2023-08-27 16:49:45.0,10,2023-08-27 16:49:45.0,99.03456933497324,2023-08-27 16:49:45.0,1141440,2023-08-27 16:49:45.0,904955.0,2023-08-27 16:49:45.0,495.92522333528063,2023-08-27 16:49:45.0,980.817007086286,8,2023-08-27 16:49:45.0,159.66666666666666
2023-08-27 16:49:51.0,0.5189201755886637,2023-08-27 16:49:51.0,157.13333333333333,2023-08-27 16:49:51.0,10,2023-08-27 16:49:51.0,99.03509572810871,2023-08-27 16:49:51.0,1141920,2023-08-27 16:49:51.0,905734.0,2023-08-27 16:49:51.0,499.1623680110634,2023-08-27 16:49:51.0,980.4175543246698,8,2023-08-27 16:49:51.0,157.13333333333333
2023-08-27 16:49:57.0,0.47296079961421955,2023-08-27 16:49:57.0,159.2,2023-08-27 16:49:57.0,10,2023-08-27 16:49:57.0,99.03673409995604,2023-08-27 16:49:57.0,1142880,2023-08-27 16:49:57.0,906733.0,2023-08-27 16:49:57.0,498.460804970367,2023-08-27 16:49:57.0,980.8187134502923,8,2023-08-27 16:49:57.0,159.2
2023-08-27 16:50:03.0,0.476717091833585,2023-08-27 16:50:03.0,164.26666666666665,2023-08-27 16:50:03.0,10,2023-08-27 16:50:03.0,99.03749270917204,2023-08-27 16:50:03.0,1143360,2023-08-27 16:50:03.0,907746.0,2023-08-27 16:50:03.0,488.3389200379441,2023-08-27 16:50:03.0,980.4,9,2023-08-27 16:50:03.0,164.26666666666665
2023-08-27 16:50:09.0,0.4915705536846732,2023-08-27 16:50:09.0,170.86666666666662,2023-08-27 16:50:09.0,10,2023-08-27 16:50:09.0,99.03805720851472,2023-08-27 16:50:09.0,1143840,2023-08-27 16:50:09.0,908966.0,2023-08-27 16:50:09.0,505.5636529203601,2023-08-27 16:50:09.0,989.7570688968538,9,2023-08-27 16:50:09.0,170.86666666666662
2023-08-27 16:50:15.0,0.46937016672253556,2023-08-27 16:50:15.0,166.79999999999998,2023-08-27 16:50:15.0,10,2023-08-27 16:50:15.0,99.03577370922567,2023-08-27 16:50:15.0,1145760,2023-08-27 16:50:15.0,909895.0,2023-08-27 16:50:15.0,545.2467845128423,2023-08-27 16:50:15.0,1373.4545454545455,9,2023-08-27 16:50:15.0,166.79999999999998
2023-08-27 16:50:21.0,0.5051047729842113,2023-08-27 16:50:21.0,161.79999999999998,2023-08-27 16:50:21.0,10,2023-08-27 16:50:21.0,99.03634188033637,2023-08-27 16:50:21.0,1146240,2023-08-27 16:50:21.0,910684.0,2023-08-27 16:50:21.0,550.7398754051447,2023-08-27 16:50:21.0,1399.0624999999968,9,2023-08-27 16:50:21.0,161.79999999999998
2023-08-27 16:50:27.0,0.45775944461909873,2023-08-27 16:50:27.0,158.26666666666668,2023-08-27 16:50:27.0,10,2023-08-27 16:50:27.0,99.03772134842272,2023-08-27 16:50:27.0,1147200,2023-08-27 16:50:27.0,911645.0,2023-08-27 16:50:27.0,526.8381276164646,2023-08-27 16:50:27.0,1248.947368421054,8,2023-08-27 16:50:27.0,158.26666666666668
2023-08-27 16:50:33.0,0.49651927409462077,2023-08-27 16:50:33.0,160.26666666666665,2023-08-27 16:50:33.0,10,2023-08-27 16:50:33.0,99.03849354361249,2023-08-27 16:50:33.0,1147680,2023-08-27 16:50:33.0,912640.0,2023-08-27 16:50:33.0,492.8849074111176,2023-08-27 16:50:33.0,983.2968881412954,8,2023-08-27 16:50:33.0,160.26666666666665
2023-08-27 16:50:39.0,0.5143769915115866,2023-08-27 16:50:39.0,167.4,2023-08-27 16:50:39.0,10,2023-08-27 16:50:39.0,99.0395850101531,2023-08-27 16:50:39.0,1148160,2023-08-27 16:50:39.0,913840.0,2023-08-27 16:50:39.0,502.68050169131186,2023-08-27 16:50:39.0,985.1267605633803,9,2023-08-27 16:50:39.0,167.4
2023-08-27 16:50:45.0,0.5138254594429268,2023-08-27 16:50:45.0,169.73333333333332,2023-08-27 16:50:45.0,10,2023-08-27 16:50:45.0,99.0401629307161,2023-08-27 16:50:45.0,1148640,2023-08-27 16:50:45.0,914873.0,2023-08-27 16:50:45.0,518.0177204285199,2023-08-27 16:50:45.0,998.1847519160951,9,2023-08-27 16:50:45.0,169.73333333333332
2023-08-27 16:50:51.0,0.49226705975720864,2023-08-27 16:50:51.0,171.73333333333332,2023-08-27 16:50:51.0,10,2023-08-27 16:50:51.0,99.04027664890042,2023-08-27 16:50:51.0,1149120,2023-08-27 16:50:51.0,915808.0,2023-08-27 16:50:51.0,536.39556593999,2023-08-27 16:50:51.0,1171.6176470588218,9,2023-08-27 16:50:51.0,171.73333333333332
2023-08-27 16:50:57.0,0.47730174420037424,2023-08-27 16:50:57.0,174.4,2023-08-27 16:50:57.0,10,2023-08-27 16:50:57.0,99.041599244958,2023-08-27 16:50:57.0,1150080,2023-08-27 16:50:57.0,916786.0,2023-08-27 16:50:57.0,539.2777211446927,2023-08-27 16:50:57.0,1188.2191780821909,9,2023-08-27 16:50:57.0,174.4
2023-08-27 16:51:03.0,0.5056410459794213,2023-08-27 16:51:03.0,173.13333333333333,2023-08-27 16:51:03.0,10,2023-08-27 16:51:03.0,99.04242649425348,2023-08-27 16:51:03.0,1150560,2023-08-27 16:51:03.0,917832.0,2023-08-27 16:51:03.0,530.4380595848,2023-08-27 16:51:03.0,1066.2264150943386,9,2023-08-27 16:51:03.0,173.1333333333333
2023-08-27 16:51:09.0,0.5129787580136921,2023-08-27 16:51:09.0,171.8,2023-08-27 16:51:09.0,10,2023-08-27 16:51:09.0,99.04352649483842,2023-08-27 16:51:09.0,1151040,2023-08-27 16:51:09.0,919027.0,2023-08-27 16:51:09.0,516.807970024952,2023-08-27 16:51:09.0,992.7725118483411,9,2023-08-27 16:51:09.0,171.8
2023-08-27 16:51:15.0,0.47453602101125686,2023-08-27 16:51:15.0,178.20000000000002,2023-08-27 16:51:15.0,10,2023-08-27 16:51:15.0,99.04427863282447,2023-08-27 16:51:15.0,1152960,2023-08-27 16:51:15.0,920139.0,2023-08-27 16:51:15.0,507.98103983991615,2023-08-27 16:51:15.0,986.3010590015126,9,2023-08-27 16:51:15.0,178.20000000000002
2023-08-27 16:51:21.0,0.5731622005946159,2023-08-27 16:51:21.0,181.06666666666663,2023-08-27 16:51:21.0,10,2023-08-27 16:51:21.0,99.04334948502907,2023-08-27 16:51:21.0,1153440,2023-08-27 16:51:21.0,921143.0,2023-08-27 16:51:21.0,536.2299266881402,2023-08-27 16:51:21.0,1116.3829787234006,10,2023-08-27 16:51:21.0,181.06666666666663
2023-08-27 16:51:27.0,0.5377796009913269,2023-08-27 16:51:27.0,182.13333333333333,2023-08-27 16:51:27.0,10,2023-08-27 16:51:27.0,99.04386155895237,2023-08-27 16:51:27.0,1154400,2023-08-27 16:51:27.0,922125.0,2023-08-27 16:51:27.0,541.7413085500712,2023-08-27 16:51:27.0,1212.7999999999995,10,2023-08-27 16:51:27.0,182.13333333333333
2023-08-27 16:51:33.0,0.525610150503037,2023-08-27 16:51:33.0,175.46666666666664,2023-08-27 16:51:33.0,10,2023-08-27 16:51:33.0,99.04467629339504,2023-08-27 16:51:33.0,1154880,2023-08-27 16:51:33.0,923130.0,2023-08-27 16:51:33.0,536.3135945459953,2023-08-27 16:51:33.0,1197.272727272723,9,2023-08-27 16:51:33.0,173.8
2023-08-27 16:51:39.0,0.5755724721312825,2023-08-27 16:51:39.0,176.56441600412265,2023-08-27 16:51:39.0,10,2023-08-27 16:51:39.0,99.04585356850953,2023-08-27 16:51:39.0,1155360,2023-08-27 16:51:39.0,924395.0,2023-08-27 16:51:39.0,499.1565301215105,2023-08-27 16:51:39.0,981.8636526769799,9,2023-08-27 16:51:39.0,176.56441600412265
2023-08-27 16:51:45.0,0.49627674617989725,2023-08-27 16:51:45.0,177.86666666666665,2023-08-27 16:51:45.0,10,2023-08-27 16:51:45.0,99.04657973179934,2023-08-27 16:51:45.0,1155840,2023-08-27 16:51:45.0,925447.0,2023-08-27 16:51:45.0,498.97324268349183,2023-08-27 16:51:45.0,980.7338075627106,9,2023-08-27 16:51:45.0,177.86666666666665
2023-08-27 16:51:51.0,0.5535224779496865,2023-08-27 16:51:51.0,183.50359149306567,2023-08-27 16:51:51.0,10,2023-08-27 16:51:51.0,99.04779394715355,2023-08-27 16:51:51.0,1156320,2023-08-27 16:51:51.0,926568.0,2023-08-27 16:51:51.0,505.2738017916023,2023-08-27 16:51:51.0,981.4366613070573,10,2023-08-27 16:51:51.0,183.50359149306567
2023-08-27 16:51:57.0,0.506628105943705,2023-08-27 16:51:57.0,188.13333333333335,2023-08-27 16:51:57.0,10,2023-08-27 16:51:57.0,99.04699663208059,2023-08-27 16:51:57.0,1157280,2023-08-27 16:51:57.0,927558.0,2023-08-27 16:51:57.0,529.186514556085,2023-08-27 16:51:57.0,1051.1627906976735,10,2023-08-27 16:51:57.0,188.13333333333335
2023-08-27 16:52:03.0,0.5410702028447366,2023-08-27 16:52:03.0,203.56666666666666,2023-08-27 16:52:03.0,10,2023-08-27 16:52:03.0,99.04080641856949,2023-08-27 16:52:03.0,1157760,2023-08-27 16:52:03.0,928955.0,2023-08-27 16:52:03.0,632.6341912254302,2023-08-27 16:52:03.0,1922.7350427350389,11,2023-08-27 16:52:03.0,203.56666666666666
2023-08-27 16:52:09.0,0.5920411217752227,2023-08-27 16:52:09.0,209.33333333333331,2023-08-27 16:52:09.0,10,2023-08-27 16:52:09.0,99.01319385755191,2023-08-27 16:52:09.0,1158240,2023-08-27 16:52:09.0,930288.0,2023-08-27 16:52:09.0,974.3036394444924,2023-08-27 16:52:09.0,78236.7407407408,11,2023-08-27 16:52:09.0,210.2
2023-08-27 16:52:15.0,0.5744318831363485,2023-08-27 16:52:15.0,206.79999999999998,2023-08-27 16:52:15.0,10,2023-08-27 16:52:15.0,98.99459849390959,2023-08-27 16:52:15.0,1160160,2023-08-27 16:52:15.0,931552.0,2023-08-27 16:52:15.0,1214.4176932424434,2023-08-27 16:52:15.0,86746.66666666667,11,2023-08-27 16:52:15.0,206.79999999999998
2023-08-27 16:52:21.0,0.6658657450619943,2023-08-27 16:52:21.0,206.8666666666667,2023-08-27 16:52:21.0,10,2023-08-27 16:52:21.0,98.96985602942236,2023-08-27 16:52:21.0,1160640,2023-08-27 16:52:21.0,932773.0,2023-08-27 16:52:21.0,1416.8414387784815,2023-08-27 16:52:21.0,90012.52173913042,11,2023-08-27 16:52:21.0,206.8666666666667
2023-08-27 16:52:27.0,0.7169247462255798,2023-08-27 16:52:27.0,207.6,2023-08-27 16:52:27.0,10,2023-08-27 16:52:27.0,98.94097121017819,2023-08-27 16:52:27.0,1161600,2023-08-27 16:52:27.0,933916.0,2023-08-27 16:52:27.0,1674.658240138524,2023-08-27 16:52:27.0,91793.19999999997,11,2023-08-27 16:52:27.0,207.6
2023-08-27 16:52:33.0,0.7322558136512387,2023-08-27 16:52:33.0,206.86666666666667,2023-08-27 16:52:33.0,10,2023-08-27 16:52:33.0,98.909193745678,2023-08-27 16:52:33.0,1162080,2023-08-27 16:52:33.0,935168.0,2023-08-27 16:52:33.0,1939.2358702257563,2023-08-27 16:52:33.0,92601.60103292447,11,2023-08-27 16:52:33.0,206.86666666666667
2023-08-27 16:52:39.0,0.6727044965036658,2023-08-27 16:52:39.0,202.84135833333332,2023-08-27 16:52:39.0,10,2023-08-27 16:52:39.0,98.8590198436071,2023-08-27 16:52:39.0,1162560,2023-08-27 16:52:39.0,936468.0,2023-08-27 16:52:39.0,2390.3728126194865,2023-08-27 16:52:39.0,93635.50839272236,11,2023-08-27 16:52:39.0,202.83025833333332
2023-08-27 16:52:45.0,0.6716282992485354,2023-08-27 16:52:45.0,203.0666666666667,2023-08-27 16:52:45.0,10,2023-08-27 16:52:45.0,98.81884477386252,2023-08-27 16:52:45.0,1163040,2023-08-27 16:52:45.0,937717.0,2023-08-27 16:52:45.0,2726.9382331828897,2023-08-27 16:52:45.0,94536.40316205533,11,2023-08-27 16:52:45.0,203.0666666666667
2023-08-27 16:52:51.0,0.8357687950301035,2023-08-27 16:52:51.0,202.99999999999994,2023-08-27 16:52:51.0,10,2023-08-27 16:52:51.0,98.77603226230546,2023-08-27 16:52:51.0,1163520,2023-08-27 16:52:51.0,938893.0,2023-08-27 16:52:51.0,2924.7406201915005,2023-08-27 16:52:51.0,94665.07751937982,11,2023-08-27 16:52:51.0,202.99999999999994
2023-08-27 16:52:57.0,0.7971613902448006,2023-08-27 16:52:57.0,198.94311666666667,2023-08-27 16:52:57.0,10,2023-08-27 16:52:57.0,98.73346976861322,2023-08-27 16:52:57.0,1164840,2023-08-27 16:52:57.0,939979.0,2023-08-27 16:52:57.0,3253.2052869239483,2023-08-27 16:52:57.0,94847.92637474937,10,2023-08-27 16:52:57.0,198.93141666666668
2023-08-27 16:53:03.0,0.7240624455855632,2023-08-27 16:53:03.0,185.01651999999999,2023-08-27 16:53:03.0,10,2023-08-27 16:53:03.0,98.69853254180187,2023-08-27 16:53:03.0,1165500,2023-08-27 16:53:03.0,675996.0,2023-08-27 16:53:03.0,3552.312380294664,2023-08-27 16:53:03.0,95068.79672753793,10,2023-08-27 16:53:03.0,184.99104
2023-08-27 16:53:09.0,0.8215431404892948,2023-08-27 16:53:09.0,154.10516666666666,2023-08-27 16:53:09.0,10,2023-08-27 16:53:09.0,98.64671959383196,2023-08-27 16:53:09.0,1166160,2023-08-27 16:53:09.0,803761.0,2023-08-27 16:53:09.0,2985.277566870934,2023-08-27 16:53:09.0,94321.92406856896,8,2023-08-27 16:53:09.0,154.09772666666666
2023-08-27 16:53:15.0,0.7695075230844513,2023-08-27 16:53:15.0,157.68549666666667,2023-08-27 16:53:15.0,12,2023-08-27 16:53:15.0,98.61152319010343,2023-08-27 16:53:15.0,1168260,2023-08-27 16:53:15.0,809512.0,2023-08-27 16:53:15.0,3153.0460876058632,2023-08-27 16:53:15.0,94985.42574999998,8,2023-08-27 16:53:15.0,157.68711666666667
2023-08-27 16:53:21.0,0.7693542097428555,2023-08-27 16:53:21.0,96.45549,2023-08-27 16:53:21.0,12,2023-08-27 16:53:21.0,98.52788082437908,2023-08-27 16:53:21.0,1168920,2023-08-27 16:53:21.0,943721.0,2023-08-27 16:53:21.0,4195.851542753797,2023-08-27 16:53:21.0,96357.48313231117,5,2023-08-27 16:53:21.0,96.45647000000001
2023-08-27 16:53:27.0,0.7391931699998573,2023-08-27 16:53:27.0,47.394816178275946,2023-08-27 16:53:27.0,12,2023-08-27 16:53:27.0,98.48390800296879,2023-08-27 16:53:27.0,1170240,2023-08-27 16:53:27.0,943878.0,2023-08-27 16:53:27.0,6852.323709462703,2023-08-27 16:53:27.0,97502.58197696028,3,2023-08-27 16:53:27.0,47.40626481718708
2023-08-27 16:53:33.0,0.6353805409944526,2023-08-27 16:53:33.0,10.801475949141993,2023-08-27 16:53:33.0,13,2023-08-27 16:53:33.0,98.46128234429614,2023-08-27 16:53:33.0,1170900,2023-08-27 16:53:33.0,943878.0,2023-08-27 16:53:33.0,9443.935620893653,2023-08-27 16:53:33.0,98019.27085765058,1,2023-08-27 16:53:33.0,10.801475949141993
2023-08-27 16:53:39.0,0.5821727158073224,2023-08-27 16:53:39.0,0.0,2023-08-27 16:53:39.0,13,2023-08-27 16:53:39.0,98.46246520693357,2023-08-27 16:53:39.0,1171560,2023-08-27 16:53:39.0,943878.0,2023-08-27 16:53:39.0,9178.433520339793,2023-08-27 16:53:39.0,98000.48387096774,0,2023-08-27 16:53:39.0,0.0
2023-08-27 16:53:45.0,0.47560074236077826,2023-08-27 16:53:45.0,0.0,2023-08-27 16:53:45.0,13,2023-08-27 16:53:45.0,98.4618454683406,2023-08-27 16:53:45.0,1172220,2023-08-27 16:53:45.0,943878.0,2023-08-27 16:53:45.0,8183.601274859443,2023-08-27 16:53:45.0,98039.99999999999,0,2023-08-27 16:53:45.0,0.0
2023-08-27 16:53:51.0,0.36552530720573984,2023-08-27 16:53:51.0,0.0,2023-08-27 16:53:51.0,13,2023-08-27 16:53:51.0,98.46236115429951,2023-08-27 16:53:51.0,1173540,2023-08-27 16:53:51.0,943878.0,2023-08-27 16:53:51.0,NaN,2023-08-27 16:53:51.0,NaN,0,2023-08-27 16:53:51.0,0.0
2023-08-27 16:53:57.0,0.239353799359231,2023-08-27 16:53:57.0,0.0,2023-08-27 16:53:57.0,13,2023-08-27 16:53:57.0,98.4619383976552,2023-08-27 16:53:57.0,1174200,2023-08-27 16:53:57.0,943878.0,2023-08-27 16:53:57.0,NaN,2023-08-27 16:53:57.0,NaN,0,2023-08-27 16:53:57.0,0.0
2023-08-27 16:54:03.0,0.11006178250136457,2023-08-27 16:54:03.0,0.0,2023-08-27 16:54:03.0,13,2023-08-27 16:54:03.0,98.46143077548068,2023-08-27 16:54:03.0,1174860,2023-08-27 16:54:03.0,943878.0,2023-08-27 16:54:03.0,NaN,2023-08-27 16:54:03.0,NaN,0,2023-08-27 16:54:03.0,0.0
2023-08-27 16:54:09.0,0.07317247866003773,2023-08-27 16:54:09.0,0.0,2023-08-27 16:54:09.0,13,2023-08-27 16:54:09.0,98.46251090762192,2023-08-27 16:54:09.0,1175520,2023-08-27 16:54:09.0,943878.0,2023-08-27 16:54:10.0,NaN,2023-08-27 16:54:10.0,NaN,0,2023-08-27 16:54:10.0,0.0
2023-08-27 16:54:16.0,0.04166317795329977,2023-08-27 16:54:16.0,0.0,2023-08-27 16:54:16.0,13,2023-08-27 16:54:16.0,98.46194016745078,2023-08-27 16:54:16.0,1177620,2023-08-27 16:54:16.0,943878.0,2023-08-27 16:54:16.0,NaN,2023-08-27 16:54:16.0,NaN,0,2023-08-27 16:54:16.0,0.0
2023-08-27 16:54:22.0,0.00620254643169838,2023-08-27 16:54:22.0,0.0,2023-08-27 16:54:22.0,13,2023-08-27 16:54:22.0,98.46241118747095,2023-08-27 16:54:22.0,1178940,2023-08-27 16:54:22.0,943878.0,2023-08-27 16:54:22.0,NaN,2023-08-27 16:54:22.0,NaN,0,2023-08-27 16:54:22.0,0.0
2023-08-27 16:54:28.0,0.007105260360002508,2023-08-27 16:54:28.0,0.0,2023-08-27 16:54:28.0,13,2023-08-27 16:54:28.0,98.46203076612436,2023-08-27 16:54:28.0,1179600,2023-08-27 16:54:28.0,943878.0,2023-08-27 16:54:28.0,NaN,2023-08-27 16:54:28.0,NaN,0,2023-08-27 16:54:28.0,0.0
2023-08-27 16:54:34.0,0.0066166449806813014,2023-08-27 16:54:34.0,0.0,2023-08-27 16:54:34.0,13,2023-08-27 16:54:34.0,98.46310596984826,2023-08-27 16:54:34.0,1180260,2023-08-27 16:54:34.0,943878.0,2023-08-27 16:54:34.0,NaN,2023-08-27 16:54:34.0,NaN,0,2023-08-27 16:54:34.0,0.0
2023-08-27 16:54:40.0,0.00634095104057413,2023-08-27 16:54:40.0,0.0,2023-08-27 16:54:40.0,13,2023-08-27 16:54:40.0,98.46255151389427,2023-08-27 16:54:40.0,1180920,2023-08-27 16:54:40.0,943878.0,2023-08-27 16:54:40.0,NaN,2023-08-27 16:54:40.0,NaN,0,2023-08-27 16:54:40.0,0.0
2023-08-27 16:54:46.0,0.003996160350733404,2023-08-27 16:54:46.0,0.0,2023-08-27 16:54:46.0,13,2023-08-27 16:54:46.0,98.4620202715153,2023-08-27 16:54:46.0,1181580,2023-08-27 16:54:46.0,943878.0,2023-08-27 16:54:46.0,NaN,2023-08-27 16:54:46.0,NaN,0,2023-08-27 16:54:46.0,0.0
2023-08-27 16:54:52.0,0.0034470377924337723,2023-08-27 16:54:52.0,0.0,2023-08-27 16:54:52.0,13,2023-08-27 16:54:52.0,98.46245496215339,2023-08-27 16:54:52.0,1182900,2023-08-27 16:54:52.0,943878.0,2023-08-27 16:54:52.0,NaN,2023-08-27 16:54:52.0,NaN,0,2023-08-27 16:54:52.0,0.0
2023-08-27 16:54:58.0,0.0030929557499992646,2023-08-27 16:54:58.0,0.0,2023-08-27 16:54:58.0,13,2023-08-27 16:54:58.0,98.46211063969298,2023-08-27 16:54:58.0,1183560,2023-08-27 16:54:58.0,943878.0,2023-08-27 16:54:58.0,NaN,2023-08-27 16:54:58.0,NaN,0,2023-08-27 16:54:58.0,0.0
2023-08-27 16:55:04.0,0.002968656582948975,2023-08-27 16:55:04.0,0.0,2023-08-27 16:55:04.0,13,2023-08-27 16:55:04.0,98.46310866218786,2023-08-27 16:55:04.0,1184220,2023-08-27 16:55:04.0,943878.0,2023-08-27 16:55:04.0,NaN,2023-08-27 16:55:04.0,NaN,0,2023-08-27 16:55:04.0,0.0
2023-08-27 16:55:10.0,0.0027061943704257707,2023-08-27 16:55:10.0,0.0,2023-08-27 16:55:10.0,13,2023-08-27 16:55:10.0,98.46250890193305,2023-08-27 16:55:10.0,1184880,2023-08-27 16:55:10.0,943878.0,2023-08-27 16:55:10.0,NaN,2023-08-27 16:55:10.0,NaN,0,2023-08-27 16:55:10.0,0.0
2023-08-27 16:55:16.0,0.002509712507566381,2023-08-27 16:55:16.0,0.0,2023-08-27 16:55:16.0,13,2023-08-27 16:55:16.0,98.46208829376188,2023-08-27 16:55:16.0,1186980,2023-08-27 16:55:16.0,943878.0,2023-08-27 16:55:16.0,NaN,2023-08-27 16:55:16.0,NaN,0,2023-08-27 16:55:16.0,0.0
2023-08-27 16:55:22.0,0.0024101943716093106,2023-08-27 16:55:22.0,0.0,2023-08-27 16:55:22.0,13,2023-08-27 16:55:22.0,98.46249000458381,2023-08-27 16:55:22.0,1188300,2023-08-27 16:55:22.0,943878.0,2023-08-27 16:55:22.0,NaN,2023-08-27 16:55:22.0,NaN,0,2023-08-27 16:55:22.0,0.0
2023-08-27 16:55:28.0,0.0024704377882122735,2023-08-27 16:55:28.0,0.0,2023-08-27 16:55:28.0,13,2023-08-27 16:55:28.0,98.46217643285829,2023-08-27 16:55:28.0,1188960,2023-08-27 16:55:28.0,943878.0,2023-08-27 16:55:28.0,NaN,2023-08-27 16:55:28.0,NaN,0,2023-08-27 16:55:28.0,0.0
2023-08-27 16:55:34.0,0.0025744479992722462,2023-08-27 16:55:34.0,0.0,2023-08-27 16:55:34.0,13,2023-08-27 16:55:34.0,98.46310675810189,2023-08-27 16:55:34.0,1189620,2023-08-27 16:55:34.0,943878.0,2023-08-27 16:55:34.0,NaN,2023-08-27 16:55:34.0,NaN,0,2023-08-27 16:55:34.0,0.0
2023-08-27 16:55:40.0,0.002715193151496368,2023-08-27 16:55:40.0,0.0,2023-08-27 16:55:40.0,13,2023-08-27 16:55:40.0,98.4625390645022,2023-08-27 16:55:40.0,1190280,2023-08-27 16:55:40.0,943878.0,2023-08-27 16:55:40.0,NaN,2023-08-27 16:55:40.0,NaN,0,2023-08-27 16:55:40.0,0.0
2023-08-27 16:55:46.0,0.002734435625743862,2023-08-27 16:55:46.0,0.0,2023-08-27 16:55:46.0,13,2023-08-27 16:55:46.0,98.46214720201108,2023-08-27 16:55:46.0,1190940,2023-08-27 16:55:46.0,943878.0,2023-08-27 16:55:46.0,NaN,2023-08-27 16:55:46.0,NaN,0,2023-08-27 16:55:46.0,0.0
2023-08-27 16:55:52.0,0.0027026566738657352,2023-08-27 16:55:52.0,0.0,2023-08-27 16:55:52.0,13,2023-08-27 16:55:52.0,98.46252217339394,2023-08-27 16:55:52.0,1192260,2023-08-27 16:55:52.0,943878.0,2023-08-27 16:55:52.0,NaN,2023-08-27 16:55:52.0,NaN,0,2023-08-27 16:55:52.0,0.0
2023-08-27 16:55:58.0,0.0028925498235767705,2023-08-27 16:55:58.0,0.0,2023-08-27 16:55:58.0,13,2023-08-27 16:55:58.0,98.46216562603526,2023-08-27 16:55:58.0,1192920,2023-08-27 16:55:58.0,943878.0,2023-08-27 16:55:58.0,NaN,2023-08-27 16:55:58.0,NaN,0,2023-08-27 16:55:58.0,0.0
2023-08-27 16:56:04.0,0.002686873236562198,2023-08-27 16:56:04.0,0.0,2023-08-27 16:56:04.0,13,2023-08-27 16:56:04.0,98.46310765555086,2023-08-27 16:56:04.0,1193580,2023-08-27 16:56:04.0,943878.0,2023-08-27 16:56:04.0,NaN,2023-08-27 16:56:04.0,NaN,0,2023-08-27 16:56:04.0,0.0
2023-08-27 16:56:10.0,0.002683099776246928,2023-08-27 16:56:10.0,0.0,2023-08-27 16:56:10.0,13,2023-08-27 16:56:10.0,98.46256729364782,2023-08-27 16:56:10.0,1194240,2023-08-27 16:56:10.0,943878.0,2023-08-27 16:56:10.0,NaN,2023-08-27 16:56:10.0,NaN,0,2023-08-27 16:56:10.0,0.0
2023-08-27 16:56:16.0,0.0026604166285131626,2023-08-27 16:56:16.0,0.0,2023-08-27 16:56:16.0,13,2023-08-27 16:56:16.0,98.46220113443079,2023-08-27 16:56:16.0,1196340,2023-08-27 16:56:16.0,943878.0,2023-08-27 16:56:16.0,NaN,2023-08-27 16:56:16.0,NaN,0,2023-08-27 16:56:16.0,0.0
2023-08-27 16:56:22.0,0.003328805484064246,2023-08-27 16:56:22.0,0.0,2023-08-27 16:56:22.0,13,2023-08-27 16:56:22.0,98.46255042941247,2023-08-27 16:56:22.0,1197660,2023-08-27 16:56:22.0,943878.0,2023-08-27 16:56:22.0,NaN,2023-08-27 16:56:22.0,NaN,0,2023-08-27 16:56:22.0,0.0
2023-08-27 16:56:28.0,0.0036845451831322403,2023-08-27 16:56:28.0,0.0,2023-08-27 16:56:28.0,13,2023-08-27 16:56:28.0,98.46221717850675,2023-08-27 16:56:28.0,1198320,2023-08-27 16:56:28.0,943878.0,2023-08-27 16:56:28.0,NaN,2023-08-27 16:56:28.0,NaN,0,2023-08-27 16:56:28.0,0.0
2023-08-27 16:56:34.0,0.004137863495135677,2023-08-27 16:56:34.0,0.0,2023-08-27 16:56:34.0,13,2023-08-27 16:56:34.0,98.4631046232367,2023-08-27 16:56:34.0,1198980,2023-08-27 16:56:34.0,943878.0,2023-08-27 16:56:34.0,NaN,2023-08-27 16:56:34.0,NaN,0,2023-08-27 16:56:34.0,0.0
2023-08-27 16:56:40.0,0.0062389938264184016,2023-08-27 16:56:40.0,0.0,2023-08-27 16:56:40.0,13,2023-08-27 16:56:40.0,98.46258814172958,2023-08-27 16:56:40.0,1199640,2023-08-27 16:56:40.0,943878.0,2023-08-27 16:56:40.0,NaN,2023-08-27 16:56:40.0,NaN,0,2023-08-27 16:56:40.0,0.0
2023-08-27 16:56:46.0,0.005724899286901503,2023-08-27 16:56:46.0,0.0,2023-08-27 16:56:46.0,13,2023-08-27 16:56:46.0,98.46224456309321,2023-08-27 16:56:46.0,1200300,2023-08-27 16:56:46.0,943878.0,2023-08-27 16:56:46.0,NaN,2023-08-27 16:56:46.0,NaN,0,2023-08-27 16:56:46.0,0.0
2023-08-27 16:56:52.0,0.008307486233403508,2023-08-27 16:56:52.0,0.0,2023-08-27 16:56:52.0,13,2023-08-27 16:56:52.0,98.46257293406208,2023-08-27 16:56:52.0,1201620,2023-08-27 16:56:52.0,943878.0,2023-08-27 16:56:52.0,NaN,2023-08-27 16:56:52.0,NaN,0,2023-08-27 16:56:52.0,0.0
2023-08-27 16:56:58.0,0.007787394297990194,2023-08-27 16:56:58.0,0.0,2023-08-27 16:56:58.0,13,2023-08-27 16:56:58.0,98.46226138382876,2023-08-27 16:56:58.0,1202280,2023-08-27 16:56:58.0,943878.0,2023-08-27 16:56:58.0,NaN,2023-08-27 16:56:58.0,NaN,0,2023-08-27 16:56:58.0,0.0
2023-08-27 16:57:04.0,0.006996871569345813,2023-08-27 16:57:04.0,0.0,2023-08-27 16:57:04.0,13,2023-08-27 16:57:04.0,98.46310483546617,2023-08-27 16:57:04.0,1202940,2023-08-27 16:57:04.0,943878.0,2023-08-27 16:57:04.0,NaN,2023-08-27 16:57:04.0,NaN,0,2023-08-27 16:57:04.0,0.0
2023-08-27 16:57:10.0,0.007353389840312281,2023-08-27 16:57:10.0,0.0,2023-08-27 16:57:10.0,13,2023-08-27 16:57:10.0,98.46260994902421,2023-08-27 16:57:10.0,1203600,2023-08-27 16:57:10.0,943878.0,2023-08-27 16:57:10.0,NaN,2023-08-27 16:57:10.0,NaN,0,2023-08-27 16:57:10.0,0.0
2023-08-27 16:57:16.0,0.005826354006020816,2023-08-27 16:57:16.0,0.0,2023-08-27 16:57:16.0,13,2023-08-27 16:57:16.0,98.46223207596611,2023-08-27 16:57:16.0,1205700,2023-08-27 16:57:16.0,943878.0,2023-08-27 16:57:16.0,NaN,2023-08-27 16:57:16.0,NaN,0,2023-08-27 16:57:16.0,0.0
2023-08-27 16:57:22.0,0.0060177417907214745,2023-08-27 16:57:22.0,0.0,2023-08-27 16:57:22.0,13,2023-08-27 16:57:22.0,98.46259537333906,2023-08-27 16:57:22.0,1207020,2023-08-27 16:57:22.0,943878.0,2023-08-27 16:57:22.0,NaN,2023-08-27 16:57:22.0,NaN,0,2023-08-27 16:57:22.0,0.0
2023-08-27 16:57:28.0,0.005696277680006902,2023-08-27 16:57:28.0,0.0,2023-08-27 16:57:28.0,13,2023-08-27 16:57:28.0,98.46230221518145,2023-08-27 16:57:28.0,1207680,2023-08-27 16:57:28.0,943878.0,2023-08-27 16:57:28.0,NaN,2023-08-27 16:57:28.0,NaN,0,2023-08-27 16:57:28.0,0.0
2023-08-27 16:57:34.0,0.003945355206162349,2023-08-27 16:57:34.0,0.0,2023-08-27 16:57:34.0,13,2023-08-27 16:57:34.0,98.46310408621589,2023-08-27 16:57:34.0,1208340,2023-08-27 16:57:34.0,943878.0,2023-08-27 16:57:34.0,NaN,2023-08-27 16:57:34.0,NaN,0,2023-08-27 16:57:34.0,0.0
2023-08-27 16:57:40.0,0.004301617534310574,2023-08-27 16:57:40.0,0.0,2023-08-27 16:57:40.0,13,2023-08-27 16:57:40.0,98.4626290047376,2023-08-27 16:57:40.0,1209000,2023-08-27 16:57:40.0,943878.0,2023-08-27 16:57:40.0,NaN,2023-08-27 16:57:40.0,NaN,0,2023-08-27 16:57:40.0,0.0
2023-08-27 16:57:46.0,0.0040059240668124324,2023-08-27 16:57:46.0,0.0,2023-08-27 16:57:46.0,13,2023-08-27 16:57:46.0,98.46291977831079,2023-08-27 16:57:46.0,1209660,2023-08-27 16:57:46.0,943878.0,2023-08-27 16:57:46.0,NaN,2023-08-27 16:57:46.0,NaN,0,2023-08-27 16:57:46.0,0.0
2023-08-27 16:57:52.0,0.0037818640321943676,2023-08-27 16:57:52.0,0.0,2023-08-27 16:57:52.0,13,2023-08-27 16:57:52.0,98.46261540502103,2023-08-27 16:57:52.0,1210980,2023-08-27 16:57:52.0,943878.0,2023-08-27 16:57:52.0,NaN,2023-08-27 16:57:52.0,NaN,0,2023-08-27 16:57:52.0,0.0
2023-08-27 16:57:58.0,0.003936786433351185,2023-08-27 16:57:58.0,0.0,2023-08-27 16:57:58.0,13,2023-08-27 16:57:58.0,98.46239420737753,2023-08-27 16:57:58.0,1211640,2023-08-27 16:57:58.0,943878.0,2023-08-27 16:57:58.0,NaN,2023-08-27 16:57:58.0,NaN,0,2023-08-27 16:57:58.0,0.0
2023-08-27 16:58:04.0,0.0037204172805222766,2023-08-27 16:58:04.0,0.0,2023-08-27 16:58:04.0,13,2023-08-27 16:58:04.0,98.46310465597477,2023-08-27 16:58:04.0,1212300,2023-08-27 16:58:04.0,943878.0,2023-08-27 16:58:04.0,NaN,2023-08-27 16:58:04.0,NaN,0,2023-08-27 16:58:04.0,0.0
2023-08-27 16:58:10.0,0.003233528861260084,2023-08-27 16:58:10.0,0.0,2023-08-27 16:58:10.0,13,2023-08-27 16:58:10.0,98.46247429901366,2023-08-27 16:58:10.0,1212960,2023-08-27 16:58:10.0,938650.0,2023-08-27 16:58:10.0,NaN,2023-08-27 16:58:10.0,NaN,0,2023-08-27 16:58:10.0,0.0
2023-08-27 16:58:16.0,0.0029174723730903624,2023-08-27 16:58:16.0,0.0,2023-08-27 16:58:16.0,11,2023-08-27 16:58:16.0,98.46294532679924,2023-08-27 16:58:16.0,1214940,2023-08-27 16:58:16.0,938647.0,2023-08-27 16:58:16.0,NaN,2023-08-27 16:58:16.0,NaN,0,2023-08-27 16:58:16.0,0.0
2023-08-27 16:58:22.0,0.0028079673286978903,2023-08-27 16:58:22.0,0.0,2023-08-27 16:58:22.0,11,2023-08-27 16:58:22.0,98.46294287467359,2023-08-27 16:58:22.0,1216020,2023-08-27 16:58:22.0,938647.0,2023-08-27 16:58:22.0,NaN,2023-08-27 16:58:22.0,NaN,0,2023-08-27 16:58:22.0,0.0
2023-08-27 16:58:28.0,0.0025140151261215824,2023-08-27 16:58:28.0,0.0,2023-08-27 16:58:28.0,9,2023-08-27 16:58:28.0,98.46283169090255,2023-08-27 16:58:28.0,1216440,2023-08-27 16:58:28.0,938635.0,2023-08-27 16:58:28.0,NaN,2023-08-27 16:58:28.0,NaN,0,2023-08-27 16:58:28.0,0.0
2023-08-27 16:58:34.0,0.0027185237262453126,2023-08-27 16:58:34.0,0.0,2023-08-27 16:58:34.0,9,2023-08-27 16:58:34.0,98.46265630387846,2023-08-27 16:58:34.0,1216860,2023-08-27 16:58:34.0,938635.0,2023-08-27 16:58:34.0,NaN,2023-08-27 16:58:34.0,NaN,0,2023-08-27 16:58:34.0,0.0
2023-08-27 16:58:40.0,0.003190649747094102,2023-08-27 16:58:40.0,0.0,2023-08-27 16:58:40.0,9,2023-08-27 16:58:40.0,98.46249090279242,2023-08-27 16:58:40.0,1217280,2023-08-27 16:58:40.0,938635.0,2023-08-27 16:58:40.0,NaN,2023-08-27 16:58:40.0,NaN,0,2023-08-27 16:58:40.0,0.0
2023-08-27 16:58:46.0,0.0014283768809998508,2023-08-27 16:58:46.0,0.0,2023-08-27 16:58:46.0,8,2023-08-27 16:58:46.0,98.46266245610597,2023-08-27 16:58:46.0,1217640,2023-08-27 16:58:46.0,933273.0,2023-08-27 16:58:46.0,NaN,2023-08-27 16:58:46.0,NaN,0,2023-08-27 16:58:46.0,0.0
2023-08-27 16:58:52.0,0.0014811873179656748,2023-08-27 16:58:52.0,0.0,2023-08-27 16:58:52.0,8,2023-08-27 16:58:52.0,98.46278369618032,2023-08-27 16:58:52.0,1218360,2023-08-27 16:58:52.0,933273.0,2023-08-27 16:58:52.0,NaN,2023-08-27 16:58:52.0,NaN,0,2023-08-27 16:58:52.0,0.0
2023-08-27 16:58:58.0,0.001312486706341835,2023-08-27 16:58:58.0,0.0,2023-08-27 16:58:58.0,7,2023-08-27 16:58:58.0,98.46276480922866,2023-08-27 16:58:58.0,1218660,2023-08-27 16:58:58.0,875587.0,2023-08-27 16:58:58.0,NaN,2023-08-27 16:58:58.0,NaN,0,2023-08-27 16:58:58.0,0.0
2023-08-27 16:59:04.0,0.001203186828378785,2023-08-27 16:59:04.0,0.0,2023-08-27 16:59:04.0,7,2023-08-27 16:59:04.0,98.4627781964723,2023-08-27 16:59:04.0,1218960,2023-08-27 16:59:04.0,875587.0,2023-08-27 16:59:04.0,NaN,2023-08-27 16:59:04.0,NaN,0,2023-08-27 16:59:04.0,0.0
2023-08-27 16:59:10.0,0.0011965748903276625,2023-08-27 16:59:10.0,0.0,2023-08-27 16:59:10.0,7,2023-08-27 16:59:10.0,98.46271304556936,2023-08-27 16:59:10.0,1219260,2023-08-27 16:59:10.0,875587.0,2023-08-27 16:59:10.0,NaN,2023-08-27 16:59:10.0,NaN,0,2023-08-27 16:59:10.0,0.0
2023-08-27 16:59:16.0,0.0014714164236255978,2023-08-27 16:59:16.0,0.0,2023-08-27 16:59:16.0,6,2023-08-27 16:59:16.0,98.46269389093108,2023-08-27 16:59:16.0,1220940,2023-08-27 16:59:16.0,801539.0,2023-08-27 16:59:16.0,NaN,2023-08-27 16:59:16.0,NaN,0,2023-08-27 16:59:16.0,0.0
2023-08-27 16:59:22.0,0.0014963373978697436,2023-08-27 16:59:22.0,0.0,2023-08-27 16:59:22.0,6,2023-08-27 16:59:22.0,98.4627853951837,2023-08-27 16:59:22.0,1221420,2023-08-27 16:59:22.0,801539.0,2023-08-27 16:59:22.0,NaN,2023-08-27 16:59:22.0,NaN,0,2023-08-27 16:59:22.0,0.0
2023-08-27 16:59:28.0,0.0014444317126403258,2023-08-27 16:59:28.0,0.0,2023-08-27 16:59:28.0,5,2023-08-27 16:59:28.0,98.46276778116064,2023-08-27 16:59:28.0,1221600,2023-08-27 16:59:28.0,669578.0,2023-08-27 16:59:28.0,NaN,2023-08-27 16:59:28.0,NaN,0,2023-08-27 16:59:28.0,0.0
2023-08-27 16:59:34.0,0.0013895505399345687,2023-08-27 16:59:34.0,0.0,2023-08-27 16:59:34.0,5,2023-08-27 16:59:34.0,98.4627680019114,2023-08-27 16:59:34.0,1221780,2023-08-27 16:59:34.0,669578.0,2023-08-27 16:59:34.0,NaN,2023-08-27 16:59:34.0,NaN,0,2023-08-27 16:59:34.0,0.0
2023-08-27 16:59:40.0,0.0013723059843005576,2023-08-27 16:59:40.0,0.0,2023-08-27 16:59:40.0,5,2023-08-27 16:59:40.0,98.46271848970243,2023-08-27 16:59:40.0,1221960,2023-08-27 16:59:40.0,535713.0,2023-08-27 16:59:40.0,NaN,2023-08-27 16:59:40.0,NaN,0,2023-08-27 16:59:40.0,0.0
2023-08-27 16:59:46.0,0.0016973390259545891,2023-08-27 16:59:46.0,0.0,2023-08-27 16:59:46.0,4,2023-08-27 16:59:46.0,98.46270346268295,2023-08-27 16:59:46.0,1222200,2023-08-27 16:59:46.0,535713.0,2023-08-27 16:59:46.0,NaN,2023-08-27 16:59:46.0,NaN,0,2023-08-27 16:59:46.0,0.0
2023-08-27 16:59:52.0,0.0013263287053782251,2023-08-27 16:59:52.0,0.0,2023-08-27 16:59:52.0,4,2023-08-27 16:59:52.0,98.46268844866889,2023-08-27 16:59:52.0,1222320,2023-08-27 16:59:52.0,402777.0,2023-08-27 16:59:52.0,NaN,2023-08-27 16:59:52.0,NaN,0,2023-08-27 16:59:52.0,0.0
2023-08-27 16:59:58.0,0.0013808258252332758,2023-08-27 16:59:58.0,0.0,2023-08-27 16:59:58.0,3,2023-08-27 16:59:58.0,98.46272446656538,2023-08-27 16:59:58.0,1222380,2023-08-27 16:59:58.0,402777.0,2023-08-27 16:59:58.0,NaN,2023-08-27 16:59:58.0,NaN,0,2023-08-27 16:59:58.0,0.0
2023-08-27 17:00:04.0,0.0013042969539315676,2023-08-27 17:00:04.0,0.0,2023-08-27 17:00:04.0,3,2023-08-27 17:00:04.0,98.46272824720201,2023-08-27 17:00:04.0,1222440,2023-08-27 17:00:04.0,402777.0,2023-08-27 17:00:05.0,NaN,2023-08-27 17:00:05.0,NaN,0,2023-08-27 17:00:05.0,0.0
2023-08-27 17:00:11.0,0.0012631984804774205,2023-08-27 17:00:11.0,0.0,2023-08-27 17:00:11.0,3,2023-08-27 17:00:11.0,98.46273031422173,2023-08-27 17:00:11.0,1222500,2023-08-27 17:00:11.0,268743.0,2023-08-27 17:00:11.0,NaN,2023-08-27 17:00:11.0,NaN,0,2023-08-27 17:00:11.0,0.0
2023-08-27 17:00:17.0,0.0012403754838972141,2023-08-27 17:00:17.0,0.0,2023-08-27 17:00:17.0,2,2023-08-27 17:00:17.0,98.46274600650476,2023-08-27 17:00:17.0,1223940,2023-08-27 17:00:17.0,268743.0,2023-08-27 17:00:17.0,NaN,2023-08-27 17:00:17.0,NaN,0,2023-08-27 17:00:17.0,0.0
2023-08-27 17:00:23.0,0.001154246389896996,2023-08-27 17:00:23.0,0.0,2023-08-27 17:00:23.0,2,2023-08-27 17:00:23.0,98.46276141831252,2023-08-27 17:00:23.0,1223940,2023-08-27 17:00:23.0,268743.0,2023-08-27 17:00:23.0,NaN,2023-08-27 17:00:23.0,NaN,0,2023-08-27 17:00:23.0,0.0
2023-08-27 17:00:29.0,0.001376723302091204,2023-08-27 17:00:29.0,0.0,2023-08-27 17:00:29.0,1,2023-08-27 17:00:29.0,98.46267940231172,2023-08-27 17:00:29.0,1223880,2023-08-27 17:00:29.0,134667.0,2023-08-27 17:00:29.0,NaN,2023-08-27 17:00:29.0,NaN,0,2023-08-27 17:00:29.0,0.0
2023-08-27 17:00:35.0,0.0011233859304069825,2023-08-27 17:00:35.0,0.0,2023-08-27 17:00:35.0,1,2023-08-27 17:00:35.0,98.46270512703113,2023-08-27 17:00:35.0,1223820,2023-08-27 17:00:35.0,134667.0,2023-08-27 17:00:35.0,NaN,2023-08-27 17:00:35.0,NaN,0,2023-08-27 17:00:35.0,0.0
2023-08-27 17:00:41.0,0.001536780269271349,2023-08-27 17:00:41.0,0.0,2023-08-27 17:00:41.0,1,2023-08-27 17:00:41.0,98.46273084889044,2023-08-27 17:00:41.0,1223760,2023-08-27 17:00:41.0,134667.0,2023-08-27 17:00:41.0,NaN,2023-08-27 17:00:41.0,NaN,0,2023-08-27 17:00:41.0,0.0
2023-08-27 17:00:47.0,0.001536780269271349,2023-08-27 17:00:47.0,0.0,2023-08-27 17:00:47.0,1,2023-08-27 17:00:47.0,98.46275656791731,2023-08-27 17:00:47.0,1223640,2023-08-27 17:00:47.0,134667.0,2023-08-27 17:00:47.0,NaN,2023-08-27 17:00:47.0,NaN,0,2023-08-27 17:00:47.0,0.0
2023-08-27 17:00:53.0,0.0012432727272782907,2023-08-27 17:00:53.0,0.0,2023-08-27 17:00:53.0,1,2023-08-27 17:00:53.0,98.46278225878727,2023-08-27 17:00:53.0,1223580,2023-08-27 17:00:53.0,134667.0,2023-08-27 17:00:53.0,NaN,2023-08-27 17:00:53.0,NaN,0,2023-08-27 17:00:53.0,0.0
2023-08-27 17:00:59.0,0.0015471679113909524,2023-08-27 17:00:59.0,0.0,2023-08-27 17:00:59.0,1,2023-08-27 17:00:59.0,98.46268115545578,2023-08-27 17:00:59.0,1223520,2023-08-27 17:00:59.0,134667.0,2023-08-27 17:00:59.0,NaN,2023-08-27 17:00:59.0,NaN,0,2023-08-27 17:00:59.0,0.0
2023-08-27 17:01:05.0,0.0015471679113909524,2023-08-27 17:01:05.0,0.0,2023-08-27 17:01:05.0,1,2023-08-27 17:01:05.0,98.46270692233325,2023-08-27 17:01:05.0,1223460,2023-08-27 17:01:05.0,134667.0,2023-08-27 17:01:05.0,NaN,2023-08-27 17:01:05.0,NaN,0,2023-08-27 17:01:05.0,0.0
2023-08-27 17:01:11.0,0.0015655943745056995,2023-08-27 17:01:11.0,0.0,2023-08-27 17:01:11.0,1,2023-08-27 17:01:11.0,98.46273268645382,2023-08-27 17:01:11.0,1223400,2023-08-27 17:01:11.0,134667.0,2023-08-27 17:01:11.0,NaN,2023-08-27 17:01:11.0,NaN,0,2023-08-27 17:01:11.0,0.0
2023-08-27 17:01:17.0,0.0015743768899494923,2023-08-27 17:01:17.0,0.0,2023-08-27 17:01:17.0,1,2023-08-27 17:01:17.0,98.46275861882795,2023-08-27 17:01:17.0,1224720,2023-08-27 17:01:17.0,134667.0,2023-08-27 17:01:17.0,NaN,2023-08-27 17:01:17.0,NaN,0,2023-08-27 17:01:17.0,0.0
2023-08-27 17:01:23.0,0.0015743768899494923,2023-08-27 17:01:23.0,0.0,2023-08-27 17:01:23.0,1,2023-08-27 17:01:23.0,98.46278429680487,2023-08-27 17:01:23.0,1224660,2023-08-27 17:01:23.0,134667.0,2023-08-27 17:01:23.0,NaN,2023-08-27 17:01:23.0,NaN,0,2023-08-27 17:01:23.0,0.0
2023-08-27 17:01:29.0,0.0015743768899494923,2023-08-27 17:01:29.0,0.0,2023-08-27 17:01:29.0,1,2023-08-27 17:01:29.0,98.4626834431848,2023-08-27 17:01:29.0,1224600,2023-08-27 17:01:29.0,134667.0,2023-08-27 17:01:29.0,NaN,2023-08-27 17:01:29.0,NaN,0,2023-08-27 17:01:29.0,0.0
2023-08-27 17:01:35.0,0.0012393372038999586,2023-08-27 17:01:35.0,0.0,2023-08-27 17:01:35.0,1,2023-08-27 17:01:35.0,98.46270912111639,2023-08-27 17:01:35.0,1224540,2023-08-27 17:01:35.0,134667.0,2023-08-27 17:01:35.0,NaN,2023-08-27 17:01:35.0,NaN,0,2023-08-27 17:01:35.0,0.0
2023-08-27 17:01:41.0,0.0015920762167496957,2023-08-27 17:01:41.0,0.0,2023-08-27 17:01:41.0,1,2023-08-27 17:01:41.0,98.46273472045975,2023-08-27 17:01:41.0,1224480,2023-08-27 17:01:41.0,134667.0,2023-08-27 17:01:41.0,NaN,2023-08-27 17:01:41.0,NaN,0,2023-08-27 17:01:41.0,0.0
2023-08-27 17:01:47.0,0.001584835606823556,2023-08-27 17:01:47.0,0.0,2023-08-27 17:01:47.0,1,2023-08-27 17:01:47.0,98.46276034238576,2023-08-27 17:01:47.0,1224360,2023-08-27 17:01:47.0,134667.0,2023-08-27 17:01:47.0,NaN,2023-08-27 17:01:47.0,NaN,0,2023-08-27 17:01:47.0,0.0
2023-08-27 17:01:53.0,0.001574714531325555,2023-08-27 17:01:53.0,0.0,2023-08-27 17:01:53.0,1,2023-08-27 17:01:53.0,98.46271725177745,2023-08-27 17:01:53.0,1224300,2023-08-27 17:01:53.0,134667.0,2023-08-27 17:01:53.0,NaN,2023-08-27 17:01:53.0,NaN,0,2023-08-27 17:01:53.0,0.0
2023-08-27 17:01:59.0,0.0015691322790625322,2023-08-27 17:01:59.0,0.0,2023-08-27 17:01:59.0,1,2023-08-27 17:01:59.0,98.46268516456396,2023-08-27 17:01:59.0,1224240,2023-08-27 17:01:59.0,134667.0,2023-08-27 17:01:59.0,NaN,2023-08-27 17:01:59.0,NaN,0,2023-08-27 17:01:59.0,0.0
2023-08-27 17:02:05.0,0.001554445296514316,2023-08-27 17:02:05.0,0.0,2023-08-27 17:02:05.0,1,2023-08-27 17:02:05.0,98.46271080905376,2023-08-27 17:02:05.0,1224180,2023-08-27 17:02:05.0,134667.0,2023-08-27 17:02:05.0,NaN,2023-08-27 17:02:05.0,NaN,0,2023-08-27 17:02:05.0,0.0
2023-08-27 17:02:11.0,0.0012731684201100503,2023-08-27 17:02:11.0,0.0,2023-08-27 17:02:11.0,1,2023-08-27 17:02:11.0,98.46273652674743,2023-08-27 17:02:11.0,1224120,2023-08-27 17:02:11.0,134667.0,2023-08-27 17:02:11.0,NaN,2023-08-27 17:02:11.0,NaN,0,2023-08-27 17:02:11.0,0.0
2023-08-27 17:02:17.0,0.0015626268586348161,2023-08-27 17:02:17.0,0.0,2023-08-27 17:02:17.0,1,2023-08-27 17:02:17.0,98.46276237895127,2023-08-27 17:02:17.0,1225440,2023-08-27 17:02:17.0,134667.0,2023-08-27 17:02:17.0,NaN,2023-08-27 17:02:17.0,NaN,0,2023-08-27 17:02:17.0,0.0
2023-08-27 17:02:23.0,0.0015626268586348164,2023-08-27 17:02:23.0,0.0,2023-08-27 17:02:23.0,1,2023-08-27 17:02:23.0,98.46271937470635,2023-08-27 17:02:23.0,1225380,2023-08-27 17:02:23.0,134667.0,2023-08-27 17:02:23.0,NaN,2023-08-27 17:02:23.0,NaN,0,2023-08-27 17:02:23.0,0.0
2023-08-27 17:02:29.0,0.0015485929275905258,2023-08-27 17:02:29.0,0.0,2023-08-27 17:02:29.0,1,2023-08-27 17:02:29.0,98.46268736104086,2023-08-27 17:02:29.0,1225320,2023-08-27 17:02:29.0,134667.0,2023-08-27 17:02:29.0,NaN,2023-08-27 17:02:29.0,NaN,0,2023-08-27 17:02:29.0,0.0
2023-08-27 17:02:35.0,0.0015466298026496207,2023-08-27 17:02:35.0,0.0,2023-08-27 17:02:35.0,1,2023-08-27 17:02:35.0,98.46271294237009,2023-08-27 17:02:35.0,1225260,2023-08-27 17:02:35.0,134667.0,2023-08-27 17:02:35.0,NaN,2023-08-27 17:02:35.0,NaN,0,2023-08-27 17:02:35.0,0.0
2023-08-27 17:02:41.0,0.0012709860022662883,2023-08-27 17:02:41.0,0.0,2023-08-27 17:02:41.0,1,2023-08-27 17:02:41.0,98.46273852109147,2023-08-27 17:02:41.0,1225200,2023-08-27 17:02:41.0,134667.0,2023-08-27 17:02:41.0,NaN,2023-08-27 17:02:41.0,NaN,0,2023-08-27 17:02:41.0,0.0
2023-08-27 17:02:47.0,0.0015549597558888717,2023-08-27 17:02:47.0,0.0,2023-08-27 17:02:47.0,1,2023-08-27 17:02:47.0,98.46276414765794,2023-08-27 17:02:47.0,1225080,2023-08-27 17:02:47.0,134667.0,2023-08-27 17:02:47.0,NaN,2023-08-27 17:02:47.0,NaN,0,2023-08-27 17:02:47.0,0.0
2023-08-27 17:02:53.0,0.0015549597558888717,2023-08-27 17:02:53.0,0.0,2023-08-27 17:02:53.0,1,2023-08-27 17:02:53.0,98.46272130950324,2023-08-27 17:02:53.0,1225020,2023-08-27 17:02:53.0,134667.0,2023-08-27 17:02:53.0,NaN,2023-08-27 17:02:53.0,NaN,0,2023-08-27 17:02:53.0,0.0
2023-08-27 17:02:59.0,0.0011853115177846369,2023-08-27 17:02:59.0,0.0,2023-08-27 17:02:59.0,1,2023-08-27 17:02:59.0,98.46268915182897,2023-08-27 17:02:59.0,1224960,2023-08-27 17:02:59.0,134667.0,2023-08-27 17:02:59.0,NaN,2023-08-27 17:02:59.0,NaN,0,2023-08-27 17:02:59.0,0.0
2023-08-27 17:03:05.0,0.0010308120399346347,2023-08-27 17:03:05.0,0.0,2023-08-27 17:03:05.0,1,2023-08-27 17:03:05.0,98.46271470016464,2023-08-27 17:03:05.0,1224900,2023-08-27 17:03:05.0,134667.0,2023-08-27 17:03:05.0,NaN,2023-08-27 17:03:05.0,NaN,0,2023-08-27 17:03:05.0,0.0
2023-08-27 17:03:11.0,0.0018229216542243354,2023-08-27 17:03:11.0,0.0,2023-08-27 17:03:11.0,1,2023-08-27 17:03:11.0,98.462740321622,2023-08-27 17:03:11.0,1224840,2023-08-27 17:03:11.0,134667.0,2023-08-27 17:03:11.0,NaN,2023-08-27 17:03:11.0,NaN,0,2023-08-27 17:03:11.0,0.0
2023-08-27 17:03:17.0,0.0018436323914339738,2023-08-27 17:03:17.0,0.0,2023-08-27 17:03:17.0,1,2023-08-27 17:03:17.0,98.46276616990558,2023-08-27 17:03:17.0,1226160,2023-08-27 17:03:17.0,134667.0,2023-08-27 17:03:17.0,NaN,2023-08-27 17:03:17.0,NaN,0,2023-08-27 17:03:17.0,0.0
2023-08-27 17:03:23.0,0.0018436323914339738,2023-08-27 17:03:23.0,0.0,2023-08-27 17:03:23.0,1,2023-08-27 17:03:23.0,98.46272344198998,2023-08-27 17:03:23.0,1226100,2023-08-27 17:03:23.0,134667.0,2023-08-27 17:03:23.0,NaN,2023-08-27 17:03:23.0,NaN,0,2023-08-27 17:03:23.0,0.0
2023-08-27 17:03:29.0,0.0018229279341747387,2023-08-27 17:03:29.0,0.0,2023-08-27 17:03:29.0,1,2023-08-27 17:03:29.0,98.46269135822862,2023-08-27 17:03:29.0,1226040,2023-08-27 17:03:29.0,134667.0,2023-08-27 17:03:29.0,NaN,2023-08-27 17:03:29.0,NaN,0,2023-08-27 17:03:29.0,0.0
2023-08-27 17:03:35.0,0.0018229279341747387,2023-08-27 17:03:35.0,0.0,2023-08-27 17:03:35.0,1,2023-08-27 17:03:35.0,98.46271686897525,2023-08-27 17:03:35.0,1225980,2023-08-27 17:03:35.0,134667.0,2023-08-27 17:03:35.0,NaN,2023-08-27 17:03:35.0,NaN,0,2023-08-27 17:03:35.0,0.0
2023-08-27 17:03:41.0,0.0012247522996103465,2023-08-27 17:03:41.0,0.0,2023-08-27 17:03:41.0,1,2023-08-27 17:03:41.0,98.46274235209239,2023-08-27 17:03:41.0,1225920,2023-08-27 17:03:41.0,134667.0,2023-08-27 17:03:41.0,NaN,2023-08-27 17:03:41.0,NaN,0,2023-08-27 17:03:41.0,0.0
2023-08-27 17:03:47.0,0.0015519832985390221,2023-08-27 17:03:47.0,0.0,2023-08-27 17:03:47.0,1,2023-08-27 17:03:47.0,98.46276780761058,2023-08-27 17:03:47.0,1225800,2023-08-27 17:03:47.0,134667.0,2023-08-27 17:03:47.0,NaN,2023-08-27 17:03:47.0,NaN,0,2023-08-27 17:03:47.0,0.0
2023-08-27 17:03:53.0,0.0015519832985390221,2023-08-27 17:03:53.0,0.0,2023-08-27 17:03:53.0,1,2023-08-27 17:03:53.0,98.46266758670338,2023-08-27 17:03:53.0,1225740,2023-08-27 17:03:53.0,134667.0,2023-08-27 17:03:53.0,NaN,2023-08-27 17:03:53.0,NaN,0,2023-08-27 17:03:53.0,0.0
2023-08-27 17:03:59.0,0.0011409942482667492,2023-08-27 17:03:59.0,0.0,2023-08-27 17:03:59.0,1,2023-08-27 17:03:59.0,98.46269304216138,2023-08-27 17:03:59.0,1225680,2023-08-27 17:03:59.0,134667.0,2023-08-27 17:03:59.0,NaN,2023-08-27 17:03:59.0,NaN,0,2023-08-27 17:03:59.0,0.0
2023-08-27 17:04:05.0,9.927667714665829E-4,2023-08-27 17:04:05.0,0.0,2023-08-27 17:04:05.0,1,2023-08-27 17:04:05.0,98.46271854549644,2023-08-27 17:04:05.0,1225620,2023-08-27 17:04:05.0,134667.0,2023-08-27 17:04:05.0,NaN,2023-08-27 17:04:05.0,NaN,0,2023-08-27 17:04:05.0,0.0
2023-08-27 17:04:11.0,0.0014827030655588315,2023-08-27 17:04:11.0,0.0,2023-08-27 17:04:11.0,1,2023-08-27 17:04:11.0,98.46274399617691,2023-08-27 17:04:11.0,1225560,2023-08-27 17:04:11.0,134667.0,2023-08-27 17:04:11.0,NaN,2023-08-27 17:04:11.0,NaN,0,2023-08-27 17:04:11.0,0.0
2023-08-27 17:04:17.0,0.001215242558031818,2023-08-27 17:04:17.0,0.0,2023-08-27 17:04:17.0,1,2023-08-27 17:04:17.0,98.46276966550504,2023-08-27 17:04:17.0,1226880,2023-08-27 17:04:17.0,134667.0,2023-08-27 17:04:17.0,NaN,2023-08-27 17:04:17.0,NaN,0,2023-08-27 17:04:17.0,0.0
2023-08-27 17:04:23.0,0.0010454011892902099,2023-08-27 17:04:23.0,0.0,2023-08-27 17:04:23.0,1,2023-08-27 17:04:23.0,98.46266976524896,2023-08-27 17:04:23.0,1226820,2023-08-27 17:04:23.0,134667.0,2023-08-27 17:04:23.0,NaN,2023-08-27 17:04:23.0,NaN,0,2023-08-27 17:04:23.0,0.0
2023-08-27 17:04:29.0,0.0015475483111135155,2023-08-27 17:04:29.0,0.0,2023-08-27 17:04:29.0,1,2023-08-27 17:04:29.0,98.46269520853724,2023-08-27 17:04:29.0,1226760,2023-08-27 17:04:29.0,134667.0,2023-08-27 17:04:29.0,NaN,2023-08-27 17:04:29.0,NaN,0,2023-08-27 17:04:29.0,0.0
2023-08-27 17:04:35.0,0.0015475483111135155,2023-08-27 17:04:35.0,0.0,2023-08-27 17:04:35.0,1,2023-08-27 17:04:35.0,98.46272082497805,2023-08-27 17:04:35.0,1226700,2023-08-27 17:04:35.0,134667.0,2023-08-27 17:04:35.0,NaN,2023-08-27 17:04:35.0,NaN,0,2023-08-27 17:04:35.0,0.0
2023-08-27 17:04:41.0,0.0016280299654636197,2023-08-27 17:04:41.0,0.0,2023-08-27 17:04:41.0,1,2023-08-27 17:04:41.0,98.46274623842868,2023-08-27 17:04:41.0,1226640,2023-08-27 17:04:41.0,134667.0,2023-08-27 17:04:41.0,NaN,2023-08-27 17:04:41.0,NaN,0,2023-08-27 17:04:41.0,0.0
2023-08-27 17:04:47.0,0.0016280299654636197,2023-08-27 17:04:47.0,0.0,2023-08-27 17:04:47.0,1,2023-08-27 17:04:47.0,98.46277164954512,2023-08-27 17:04:47.0,1226520,2023-08-27 17:04:47.0,134667.0,2023-08-27 17:04:47.0,NaN,2023-08-27 17:04:47.0,NaN,0,2023-08-27 17:04:47.0,0.0
2023-08-27 17:04:53.0,0.0013038349316742976,2023-08-27 17:04:53.0,0.0,2023-08-27 17:04:53.0,1,2023-08-27 17:04:53.0,98.46267162602082,2023-08-27 17:04:53.0,1226460,2023-08-27 17:04:53.0,134667.0,2023-08-27 17:04:53.0,NaN,2023-08-27 17:04:53.0,NaN,0,2023-08-27 17:04:53.0,0.0
2023-08-27 17:04:59.0,0.0016195759123283488,2023-08-27 17:04:59.0,0.0,2023-08-27 17:04:59.0,1,2023-08-27 17:04:59.0,98.46269701200421,2023-08-27 17:04:59.0,1226400,2023-08-27 17:04:59.0,134667.0,2023-08-27 17:04:59.0,NaN,2023-08-27 17:04:59.0,NaN,0,2023-08-27 17:04:59.0,0.0
2023-08-27 17:05:05.0,0.0016195759123283488,2023-08-27 17:05:05.0,0.0,2023-08-27 17:05:05.0,1,2023-08-27 17:05:05.0,98.46272244584851,2023-08-27 17:05:05.0,1226340,2023-08-27 17:05:05.0,134667.0,2023-08-27 17:05:05.0,NaN,2023-08-27 17:05:05.0,NaN,0,2023-08-27 17:05:05.0,0.0
2023-08-27 17:05:11.0,0.001579018188162789,2023-08-27 17:05:11.0,0.0,2023-08-27 17:05:11.0,1,2023-08-27 17:05:11.0,98.46274782729512,2023-08-27 17:05:11.0,1226280,2023-08-27 17:05:11.0,134667.0,2023-08-27 17:05:11.0,NaN,2023-08-27 17:05:11.0,NaN,0,2023-08-27 17:05:11.0,0.0
2023-08-27 17:05:17.0,0.0015311397954213739,2023-08-27 17:05:17.0,0.0,2023-08-27 17:05:17.0,1,2023-08-27 17:05:17.0,98.4627734436135,2023-08-27 17:05:17.0,1227600,2023-08-27 17:05:17.0,134667.0,2023-08-27 17:05:17.0,NaN,2023-08-27 17:05:17.0,NaN,0,2023-08-27 17:05:17.0,0.0
2023-08-27 17:05:23.0,0.001531139795421374,2023-08-27 17:05:23.0,0.0,2023-08-27 17:05:23.0,1,2023-08-27 17:05:23.0,98.46267366432662,2023-08-27 17:05:23.0,1227540,2023-08-27 17:05:23.0,134667.0,2023-08-27 17:05:23.0,NaN,2023-08-27 17:05:23.0,NaN,0,2023-08-27 17:05:23.0,0.0
2023-08-27 17:05:29.0,0.0012986702428154254,2023-08-27 17:05:29.0,0.0,2023-08-27 17:05:29.0,1,2023-08-27 17:05:29.0,98.46269898834221,2023-08-27 17:05:29.0,1227480,2023-08-27 17:05:29.0,134667.0,2023-08-27 17:05:29.0,NaN,2023-08-27 17:05:29.0,NaN,0,2023-08-27 17:05:29.0,0.0
2023-08-27 17:05:35.0,0.0011104005113449892,2023-08-27 17:05:35.0,0.0,2023-08-27 17:05:35.0,1,2023-08-27 17:05:35.0,98.4627243351016,2023-08-27 17:05:35.0,1227420,2023-08-27 17:05:35.0,134667.0,2023-08-27 17:05:35.0,NaN,2023-08-27 17:05:35.0,NaN,0,2023-08-27 17:05:35.0,0.0
2023-08-27 17:05:41.0,0.0014649650826464493,2023-08-27 17:05:41.0,0.0,2023-08-27 17:05:41.0,1,2023-08-27 17:05:41.0,98.46274965461106,2023-08-27 17:05:41.0,1227240,2023-08-27 17:05:41.0,134667.0,2023-08-27 17:05:41.0,NaN,2023-08-27 17:05:41.0,NaN,0,2023-08-27 17:05:41.0,0.0
2023-08-27 17:05:47.0,0.0014464326565592912,2023-08-27 17:05:47.0,0.0,2023-08-27 17:05:47.0,1,2023-08-27 17:05:47.0,98.46277502192228,2023-08-27 17:05:47.0,1227240,2023-08-27 17:05:47.0,134667.0,2023-08-27 17:05:47.0,NaN,2023-08-27 17:05:47.0,NaN,0,2023-08-27 17:05:47.0,0.0
2023-08-27 17:05:53.0,0.001434140332594073,2023-08-27 17:05:53.0,0.0,2023-08-27 17:05:53.0,1,2023-08-27 17:05:53.0,98.46267529354574,2023-08-27 17:05:53.0,1227180,2023-08-27 17:05:53.0,134667.0,2023-08-27 17:05:53.0,NaN,2023-08-27 17:05:53.0,NaN,0,2023-08-27 17:05:53.0,0.0
2023-08-27 17:05:59.0,0.001434140332594073,2023-08-27 17:05:59.0,0.0,2023-08-27 17:05:59.0,1,2023-08-27 17:05:59.0,98.46270068579432,2023-08-27 17:05:59.0,1227120,2023-08-27 17:05:59.0,134667.0,2023-08-27 17:05:59.0,NaN,2023-08-27 17:05:59.0,NaN,0,2023-08-27 17:05:59.0,0.0
2023-08-27 17:06:05.0,0.0010816549568089548,2023-08-27 17:06:05.0,0.0,2023-08-27 17:06:05.0,1,2023-08-27 17:06:05.0,98.46272605087135,2023-08-27 17:06:05.0,1227060,2023-08-27 17:06:05.0,134667.0,2023-08-27 17:06:05.0,NaN,2023-08-27 17:06:05.0,NaN,0,2023-08-27 17:06:05.0,0.0
2023-08-27 17:06:11.0,0.0014909266241932304,2023-08-27 17:06:11.0,0.0,2023-08-27 17:06:11.0,1,2023-08-27 17:06:11.0,98.46275138880647,2023-08-27 17:06:11.0,1226940,2023-08-27 17:06:11.0,134667.0,2023-08-27 17:06:11.0,NaN,2023-08-27 17:06:11.0,NaN,0,2023-08-27 17:06:11.0,0.0
2023-08-27 17:06:17.0,0.001264450696530078,2023-08-27 17:06:17.0,0.0,2023-08-27 17:06:17.0,1,2023-08-27 17:06:17.0,98.46277685345791,2023-08-27 17:06:17.0,1228320,2023-08-27 17:06:17.0,134667.0,2023-08-27 17:06:17.0,NaN,2023-08-27 17:06:17.0,NaN,0,2023-08-27 17:06:17.0,0.0
2023-08-27 17:06:23.0,0.0011101344127870784,2023-08-27 17:06:23.0,0.0,2023-08-27 17:06:23.0,1,2023-08-27 17:06:23.0,98.46267739285469,2023-08-27 17:06:23.0,1228260,2023-08-27 17:06:23.0,134667.0,2023-08-27 17:06:24.0,NaN,2023-08-27 17:06:24.0,NaN,0,2023-08-27 17:06:24.0,0.0
2023-08-27 17:06:30.0,0.0014988785645618258,2023-08-27 17:06:30.0,0.0,2023-08-27 17:06:30.0,1,2023-08-27 17:06:30.0,98.4627027232976,2023-08-27 17:06:30.0,1228200,2023-08-27 17:06:30.0,134667.0,2023-08-27 17:06:30.0,NaN,2023-08-27 17:06:30.0,NaN,0,2023-08-27 17:06:30.0,0.0
2023-08-27 17:06:36.0,0.0015518888792546625,2023-08-27 17:06:36.0,0.0,2023-08-27 17:06:36.0,1,2023-08-27 17:06:36.0,98.46272807652839,2023-08-27 17:06:36.0,1228140,2023-08-27 17:06:36.0,134667.0,2023-08-27 17:06:36.0,NaN,2023-08-27 17:06:36.0,NaN,0,2023-08-27 17:06:36.0,0.0
2023-08-27 17:06:42.0,0.0015518888792546625,2023-08-27 17:06:42.0,0.0,2023-08-27 17:06:42.0,1,2023-08-27 17:06:42.0,98.46275332786408,2023-08-27 17:06:42.0,1228020,2023-08-27 17:06:42.0,134667.0,2023-08-27 17:06:42.0,NaN,2023-08-27 17:06:42.0,NaN,0,2023-08-27 17:06:42.0,0.0
2023-08-27 17:06:48.0,0.001474716442918323,2023-08-27 17:06:48.0,0.0,2023-08-27 17:06:48.0,1,2023-08-27 17:06:48.0,98.46277857710413,2023-08-27 17:06:48.0,1227960,2023-08-27 17:06:48.0,134667.0,2023-08-27 17:06:48.0,NaN,2023-08-27 17:06:48.0,NaN,0,2023-08-27 17:06:48.0,0.0
2023-08-27 17:06:54.0,0.001474716442918323,2023-08-27 17:06:54.0,0.0,2023-08-27 17:06:54.0,1,2023-08-27 17:06:54.0,98.4626791410596,2023-08-27 17:06:54.0,1227900,2023-08-27 17:06:54.0,134667.0,2023-08-27 17:06:54.0,NaN,2023-08-27 17:06:54.0,NaN,0,2023-08-27 17:06:54.0,0.0
2023-08-27 17:07:00.0,9.847424999975373E-4,2023-08-27 17:07:00.0,0.0,2023-08-27 17:07:00.0,1,2023-08-27 17:07:00.0,98.4627044151772,2023-08-27 17:07:00.0,1227840,2023-08-27 17:07:00.0,134667.0,2023-08-27 17:07:00.0,NaN,2023-08-27 17:07:00.0,NaN,0,2023-08-27 17:07:00.0,0.0
